0.000000000000000000e+00
-1.529071225071311435e+00
-2.244277783459510900e+00
-2.834340610875246025e+00
-2.841428368983225816e+00
-2.837478882953947679e+00
-2.922459578481518161e+00
-2.208394768259514862e+00
-1.782780286894028343e+00
-1.574077926828116425e+00
-2.561676215678056145e+00
-3.179556536648300735e+00
-3.766022054003947517e+00
-2.616342158374351357e+00
-1.956750711451899605e+00
-1.713588155611304842e+00
-4.971084389190654207e-01
3.388819198001602473e-01
6.965104925070271236e-01
1.673372207508483811e+00
2.969294714483673658e+00
3.462587490217714503e+00
3.509677422821255277e+00
3.126229400476312925e+00
2.459100779847103624e+00
2.580377157431882118e+00
3.212927929699207041e+00
3.155424828110735103e+00
3.092639290506732586e+00
3.147868016538502012e+00
2.672215360882187696e+00
4.819549407801500429e+00
6.025283707077276674e+00
6.195036004775100302e+00
6.440379438003545509e+00
6.649402150704997183e+00
6.052669598021120478e+00
4.939035577833790214e+00
2.992049177755584211e+00
1.321249064980392518e+00
6.394823027169778129e-01
3.082924257536642898e+00
4.058355518292215081e+00
4.100507655666977058e+00
4.283875141771275707e+00
3.543374579051363327e+00
6.674565013338625619e+00
8.822651354577423888e+00
9.299028834753194417e+00
1.045047036582105449e+01
1.090827996165244684e+01
9.735031590860891981e+00
1.285139858215715947e+01
7.808760183577795999e+00
3.601507404982321248e+00
3.139841753448806116e+00
3.270027790060552775e+00
2.576270596148958703e+00
1.530594898465231779e+00
1.968548505877080856e+00
1.855200865254971632e+00
5.530759064783978829e-01
-2.153397688986842695e+00
-4.277383728223320247e+00
-5.199151783200903765e+00
-5.272760834830634735e+00
-5.262200097416950939e+00
-2.071865012142147577e+00
1.076560338004632911e+00
2.869736638461148459e+00
9.840838102251581176e-01
6.404205451771645130e-01
-1.280154505199320170e-01
-3.282245688994578359e-01
-1.289333002255787619e+00
-2.371541115724411952e+00
-3.487937455529838360e+00
-5.036645382734963761e+00
-6.117817717521678134e+00
-6.063133484028810472e+00
-4.700994088392281611e+00
-3.935545387733910161e+00
3.840008266649306279e-01
1.792466135128005789e+00
2.158664965272834024e+00
9.565799900704625713e-01
1.508330843135468058e-01
-3.161005682342405976e-01
5.215565922307021651e-01
8.005694274435022351e-01
5.547160425273283124e-01
1.122359412653665345e+00
1.156700106338249157e+00
9.786994391507626290e-01
1.526792657900770678e-01
-4.034823992544289695e-01
-1.108871892259379877e+00
-1.209618353106023392e-01
2.021878951713880213e-01
1.640299983610020718e-01
4.307245325997435259e-01
4.281395635997288451e+00
7.568161840260067663e+00
1.740590780110273528e+01
2.108890816230828591e+01
2.203752001896602764e+01
2.164967049334993021e+01
2.400849672493129106e+01
2.368961203498126622e+01
2.587601334483201754e+01
2.380867199137537682e+01
2.132460345097551624e+01
2.295333034435083164e+01
2.429716765458337591e+01
2.268180254623082703e+01
3.403630850302930355e+01
2.152174231716605846e+01
1.214846032668911846e+01
-8.551339773906789787e+00
-2.067875409261080222e+01
-2.789390545190025250e+01
-3.245498341961278754e+01
-4.989494467083352447e+01
-5.950584347080830128e+01
-5.723054582642347299e+01
-5.435444425678603153e+01
-4.984974966697858179e+01
-4.325852549392746482e+01
-2.764326484245905391e+01
-1.613598754956945669e+01
-9.500846584420200358e+00
-5.144994475664065092e+00
-1.898723767555146491e+00
3.159520757768922827e+00
6.593035835557435220e+00
8.101796313467279020e+00
5.138594393035966768e+00
5.876783675415283348e+00
5.842967131248066437e+00
6.101046224880139590e+00
5.284049386925349978e+00
3.905208666804586670e+00
9.418240904633060850e+00
1.415183993690359898e+01
1.667656706214841122e+01
2.095104674494354313e+01
2.456542614711648298e+01
2.561860672178366372e+01
2.327742989587352440e+01
2.349274617980127289e+01
2.226323188707988976e+01
9.999039960779377623e+00
4.168673732734760051e+00
-4.618114319875559204e-01
-3.518495428312562012e+00
-5.898090994659369812e+00
-7.453478909120995866e+00
-7.142489995753173559e+00
-4.161215688330678120e+00
-2.574663391204190077e+00
7.975758249555298107e-01
1.881918482568387674e+00
1.719825454237081885e+00
1.033172795995164961e+01
1.458889033181167605e+01
1.679854912829927116e+01
2.242975628564195745e+01
2.103746090698561488e+01
1.833442402953130568e+01
2.009399842497178668e+01
1.895171870423190796e+01
1.683838029613789899e+01
2.251013369902386785e+01
2.725107976756052608e+01
2.805142388899737682e+01
2.398790459360358795e+01
1.962907817472694205e+01
1.527383755756335404e+01
-5.019954416617707693e+00
-1.416640062523121912e+01
-2.033945530574341376e+01
-2.588083502059099317e+01
-2.285725477186032606e+01
-2.071728956806428812e+01
-1.696180990609435923e+01
-1.307463059357462498e+01
-1.086518820115352923e+01
-3.091289660497561442e+01
-6.035763164144513837e+01
-7.430459951779488392e+01
-6.922151734809044399e+01
-5.383180465505796519e+01
-4.226121830132937873e+01
-4.234796665561920292e+01
-5.253223720956894738e+01
-5.781346992091101811e+01
-5.414428729368060544e+01
-3.834982078046752463e+01
-2.547700062709061797e+01
-1.559783201070646186e+01
-8.358978878855822359e+00
-3.198445978117860022e+00
7.461343678643629573e+00
1.589311772314876947e+01
1.844005019929456779e+01
2.743452774564177332e+01
3.098492167032194544e+01
3.201144136617880065e+01
3.853729502602999446e+01
3.962697737852117541e+01
3.871711411959444149e+01
3.917267222977420715e+01
3.975278531600106646e+01
3.692048125376874168e+01
2.798814266698177278e+01
2.129145875045436753e+01
1.372844742572389265e+01
1.000397535065124544e+01
9.131013064825339143e+00
4.023888817863941370e+00
5.408031482697865044e+00
8.580070288773264053e+00
9.009387736473286168e+00
1.147214276232362096e+01
1.147982531782480464e+01
8.157589903091640338e+00
1.001598865091426660e+01
1.386792170951025582e+01
1.225386293085412603e+01
1.548566798748936435e+01
1.649699543823271597e+01
1.530307365723638213e+01
2.375067266160112922e+01
3.145591232286061256e+01
3.318760902825533776e+01
3.933934033623555138e+01
4.329284106026527468e+01
4.050467632492248526e+01
3.759129474914772118e+01
4.585146166881446561e+01
4.854529094614630935e+01
6.042854560019139853e+01
7.045917371053923262e+01
7.224832267384402940e+01
6.030570352713905891e+01
4.809145099147573887e+01
3.614662273698576200e+01
1.921533454959438814e+01
1.396839995812837287e+01
4.551099277830815026e+00
1.866370628514590635e+01
3.574612393323690185e+01
3.642363507049952887e+01
4.276861509504266223e+01
6.694262727991122119e+01
7.171492142160587946e+01
8.462519390050204038e+01
6.269535821259461272e+01
5.095976787793608764e+01
2.636985292552975579e+01
1.662312548560032610e+01
7.863827268607678889e+00
-2.155137154584679138e+00
2.550215961102026085e+00
3.133891623956628791e+00
1.451701729843927069e+01
1.603028122337366312e+01
1.417052976227398631e+01
5.371232260358749500e+01
4.397859496446699268e+01
3.395595424185046340e+01
4.032723901761954721e+01
4.039196451178406733e+01
4.092358086106332848e+01
4.074838801821499601e+00
-1.197416439424665668e+01
-3.105427113156440555e+01
-7.921334751390577367e+01
-1.063898209653594904e+02
-1.199601420559182543e+02
-1.219155637222385167e+02
-1.059523389892121941e+02
-9.556706391783825438e+01
-7.774027019501909308e+01
-5.789541066771454325e+01
-4.663522058366277179e+01
-5.534433145059364278e+01
-6.992234105286456725e+01
-7.877235269345675306e+01
-8.004345046535732422e+01
-6.973263220053971168e+01
-6.460500191473803966e+01
-6.969010273523542764e+01
-6.745024042097384154e+01
-7.379078869759359804e+01
-5.694220941052553542e+01
-3.926259229822228747e+01
-2.692111998670503681e+01
-1.698998986412121326e+01
-2.562421614247698898e+01
-2.873694625607745223e+01
-2.538797905645343889e+01
-4.407375727768238960e+01
-5.877171515103174215e+01
-5.759082783713406428e+01
-5.782718440674554472e+01
-5.693501997455003050e+01
-8.884626644712668053e+01
-1.200787652581555136e+02
-1.352506513174184875e+02
-8.444373546804126818e+01
-5.404251216382908751e+01
-3.077953039523853818e+01
4.002536375038283722e+01
9.961092868935661215e+01
1.350911987904652278e+02
1.416048959558950742e+02
1.143482469467994065e+02
9.187044785740395980e+01
8.357062258251852427e+01
9.087129145174671407e+01
9.065937210031941618e+01
8.018148126695979272e+01
8.397056364925578009e+01
8.048410147055651009e+01
5.128323741007068293e+01
4.180855494386332794e+01
3.174840882911993845e+01
7.694448049776880794e+01
1.039835737175406223e+02
1.081841152901046712e+02
1.345582550884431612e+02
1.288232769326789366e+02
1.135638974715513427e+02
1.323500532244624992e+02
1.620079742840840709e+02
1.704446128016880948e+02
2.156446363591524005e+02
2.197057154876268896e+02
2.009574017923640668e+02
1.921538342228477632e+02
1.453122423854242697e+02
9.877765987951397619e+01
6.473018598653175104e+01
1.876979787385039344e+01
-2.504190974583707430e+01
-3.374052261778194861e+01
-2.287235297963889025e+01
-2.245519795670475105e+01
-2.379969873491847920e+01
-3.058428380870145702e+01
-4.150876856288709860e+01
-1.808760920585064014e+01
-1.031043326857400189e+01
-1.265518110046878064e+01
2.241904747040211987e+01
-5.255375395400051275e+00
-2.784295803733130015e+01
-7.747645964822800124e+01
-9.200419347283661864e+01
-1.152517032868088336e+02
-9.483204530150089795e+01
-1.262071923203144479e+02
-1.440263742072330615e+02
-1.500207624374496618e+02
-1.606548067375790652e+02
-1.691423655621229045e+02
-1.994264107039001601e+02
-2.929358374804916139e+02
-3.517800023635944626e+02
-3.019966548697527173e+02
-2.581325941356348039e+02
-2.260670840970686868e+02
-1.601345668609326083e+02
-1.055161152526908666e+02
-7.557448729210311456e+01
-8.469239963215653688e+01
-6.709511744052429094e+01
-5.109198653493859865e+01
-1.591635472441035404e+01
4.301073142964270346e+00
1.444863230501744056e+01
6.242990966878977588e+01
8.942356530820156024e+01
9.897738157846698925e+01
1.256884776702474511e+02
1.397314164039316609e+02
1.423577485763496782e+02
1.148920461211009894e+02
1.058093444356302086e+02
9.138709632513288739e+01
8.410657971397229460e+01
1.029960100171371380e+02
1.086376157059418972e+02
1.275440490471735586e+02
1.356886329081140730e+02
1.319455163182520891e+02
2.149633324811585453e+02
2.752771872692131296e+02
3.062016048618762056e+02
2.906887783788079105e+02
2.471512718864075850e+02
2.003318591760564686e+02
1.715807565813172459e+02
1.704404549549914236e+02
1.550263542831108907e+02
1.298139836708171515e+02
8.623121820678147742e+01
5.002108749883905148e+01
-1.239179904566105961e+01
-2.991990384539383285e+01
-4.728012160683897491e+01
-7.753224907164610613e+01
-5.132347002400183555e+01
-4.174117575618220144e+01
-8.385389601993665565e+00
4.126958315232479890e+01
7.419430682296206214e+01
1.405673636189319495e+02
1.978231622303783297e+02
2.061694664257818204e+02
1.439774542147329157e+02
1.017670719954021479e+02
6.556836663708520518e+01
3.397760065514103189e+01
-5.288436253379404661e+01
-1.328973993547391501e+02
-2.938148686647228942e+02
-2.810355122646019481e+02
-2.730779852950411168e+02
-1.576097822238510844e+02
-1.799998325628348539e+01
7.076917889875994661e+01
1.094088951645524048e+02
1.452595626945700360e+02
1.582045040155298921e+02
1.516708695874592649e+02
1.582168349115794399e+02
1.416820387416544236e+02
1.170412950168630459e+02
1.447814376489172901e+02
1.531481598227303493e+02
2.619375745462029954e+02
3.360748973220274820e+02
3.496697160596322647e+02
3.572332795549928051e+02
4.246660568815445913e+02
4.305977102609369922e+02
4.549897834159328340e+02
4.630415807243393829e+02
4.279990947811679689e+02
6.148501021433594360e+02
1.058652131516949794e+03
1.305710605804556508e+03
1.148434112016806466e+03
9.277906534982903395e+02
7.371479835643112892e+02
8.299527364580631001e+02
7.521757452711540282e+02
5.586085201693672389e+02
5.662659944421229739e+02
7.248003482710819299e+02
7.196157697504477255e+02
5.977778878453991638e+02
2.921212969836706179e+02
-2.276167246149270795e+00
-3.994218680838184810e+02
-7.781186847729040892e+02
-1.194817852209610464e+03
-1.408224364950796826e+03
-1.480160334833259185e+03
-1.526217435272345028e+03
-1.265984986213315096e+03
-1.214729286442408011e+03
-1.161356963041915833e+03
-1.212984155213015583e+03
-1.076262595719240835e+03
-9.946263526124744203e+02
-7.479377920704279177e+02
-5.573946567721312704e+02
-4.186007702877736847e+02
-4.428827074971445654e+01
2.041525646769887317e+02
3.208572054367637065e+02
1.277429152419749698e+02
-7.890181555285857939e+01
-2.479379309201709702e+02
-4.942259019981738675e+02
-5.506778094491616002e+02
-5.780965335878962605e+02
-5.611517600636163934e+02
-5.035597846559527397e+02
-5.011556545629068751e+02
-7.849338316586890869e+02
-8.911867281437953352e+02
-9.295057760243711300e+02
-6.726659744382270674e+02
-6.539392915271719176e+02
-5.983977290060349787e+02
-5.594342959805298960e+02
-4.870142060773105186e+02
-3.898550533372297195e+02
-3.492949130177705683e+02
-2.208177885615596097e+02
-1.262224019431255329e+02
-7.352836204986260782e+01
-1.530610831478636555e+02
-1.926283401870527996e+02
-3.192135846079847852e+02
-3.885830849096914790e+02
-4.006972663085168733e+02
-4.268021573671248916e+02
-6.009782289356430738e+02
-6.470584528032272829e+02
-4.701115730365859235e+02
-2.935447117455801163e+02
-1.431657894511499762e+02
-7.790973366131765943e+00
1.045635022147798736e+02
1.581964680903793123e+02
2.746215710550072799e+02
4.501100709614906918e+02
5.758298535898034061e+02
7.286335292379694692e+02
8.963117780857105572e+02
1.002365098405356321e+03
1.034034753104532001e+03
1.047521817862249918e+03
9.924211137739424657e+02
7.455607413542445556e+02
5.870689292745278181e+02
4.626177853522017926e+02
3.032107495464352382e+02
2.733681900712443849e+02
2.387362410958106125e+02
2.125651991352426649e+02
2.676996197730653648e+02
2.787187672031777197e+02
3.213850501541614904e+02
3.435725485358282185e+02
3.488613316402867213e+02
2.352365419942584595e+02
6.634660398009623350e+01
-7.135797415005998801e+01
-2.630024909987391766e+02
-4.155358011581400319e+02
-4.867939741725180625e+02
-4.545164359244790830e+02
-4.133456319046308636e+02
-3.643728179139637859e+02
-4.136220342592440602e+02
-3.973979264704727825e+02
-3.917469538698588849e+02
-3.785923131044387446e+02
-3.137071402163408038e+02
-2.250850073247731871e+02
-1.067630151790147011e+02
-5.229708720937514954e+01
-3.282244259735762171e+00
2.725170016436277365e+01
4.682537231394235278e+01
4.381357491766686962e+01
-2.721311252513714862e+01
-5.208610843309497795e+01
-5.860024351735000891e+01
-1.882098875953986408e+02
-2.446674860344783156e+02
-2.582501485126464331e+02
-2.313794197138672644e+02
-1.447691080945721751e+02
-7.068806402059021821e+01
-8.680773681188816226e+01
-1.102591100588920199e+02
-1.044777166610624590e+02
-3.548897693881053783e+01
-1.993702776574536983e+01
1.285536551388804583e+01
6.194487951913356483e+01
2.180546050204550284e+02
3.268846341613659661e+02
3.998138702595051654e+02
4.722064101723962040e+02
5.040509826343178474e+02
4.438405973884911191e+02
4.228080697782993411e+02
3.934768915904543860e+02
4.445564571105898040e+02
4.501576289204575687e+02
4.474928720628150813e+02
4.234336981204957624e+02
4.651931176830531740e+02
4.786999168426949041e+02
4.085907883434958876e+02
3.081705618726906550e+02
2.145405561489217234e+02
1.918082225230066342e+02
1.529461306607004190e+02
1.126434275600211095e+02
7.353577096237188471e+01
9.270433719575567011e+01
1.084125789208108017e+02
1.126967947122195710e+02
8.086031288159301766e+01
5.013776210775040454e+01
-2.997229839530882600e+01
-7.342873252701974707e+01
-1.048810779665830069e+02
-2.328475413197238595e+02
-3.046668340194046323e+02
-3.414789385895942928e+02
-3.269213472525163979e+02
-3.221888548897966871e+02
-3.103414908220131565e+02
-3.353716276450419400e+02
-3.177648670695479041e+02
-2.908523451118867342e+02
-2.244826332461187235e+02
-1.861498757893239997e+02
-1.500094957688473016e+02
-2.255365723129029334e+02
-2.579198644111947374e+02
-2.609590128986441186e+02
-2.760532446519823679e+02
-2.650173505184600913e+02
-2.421978521722127198e+02
-1.957138814551178712e+02
-1.606131454891494741e+02
-1.244455604890785025e+02
-7.044625368418303424e+01
-1.284514097274166033e+01
2.896142546157398101e+01
4.216360972002473773e+01
6.885331012656126859e+01
8.817858264761969167e+01
1.084556860173622681e+02
1.136015400739843244e+02
1.153086028178214519e+02
8.055243086574137124e+00
-4.223768541484867001e+01
-6.624177749200089238e+01
-1.447592996319665417e+02
-1.387749968384212025e+02
-1.233370083621352933e+02
-1.176112778091289783e+02
-1.074154043633874380e+02
-9.133867334815545291e+01
-3.266505790304859147e+01
9.693530234665217904e+00
4.831298022323801433e+01
2.190804269050295261e+01
-1.363218303778046447e+01
-2.494707207543865479e+01
-1.887934286155405061e+01
-6.510755322619274921e+00
-7.199833239373674587e+00
7.724569327812105257e-01
-1.300232561173834256e+01
2.591932933901409797e+01
7.495293020427902775e+01
1.199048126066059012e+02
1.684825775453017513e+02
1.917022415845472096e+02
2.028925367033672273e+02
1.980970104442903335e+02
1.941398794412648954e+02
2.058539951095615947e+02
2.022101639451115602e+02
1.652200747244390300e+02
1.190795603320062810e+02
8.967638019475316469e+01
4.853432901735541805e+01
2.192352185596274694e+01
7.194827850711817518e+00
3.356232279180858313e+01
9.571263392847978935e+01
1.890918864114990185e+02
2.486094959924679983e+02
2.777106656454179188e+02
2.696729972451066146e+02
2.648851208979336320e+02
2.773906815825565673e+02
2.722129220493216621e+02
3.208049991868662119e+02
3.232513342460396188e+02
2.724662098951615121e+02
2.528935459805479695e+02
2.254644968625805177e+02
1.928199134994332553e+02
1.175036346067801105e+02
1.378392452395291912e+01
-5.347874675754792406e+01
-1.261558167613344494e+02
-1.896451137139081311e+02
-2.550716797702827989e+02
-2.904782335200566763e+02
-3.008958589551188538e+02
-3.302484665291954116e+02
-3.750711937602430908e+02
-3.853918757117284031e+02
-4.055029911481705085e+02
-3.749263706488330286e+02
-3.307161894030507483e+02
-2.962292569822881205e+02
-2.427419733993029922e+02
-1.962647580086778589e+02
-1.574252546018150269e+02
-1.054134447226801967e+02
-6.762308339197147689e+01
-2.587306445677728561e+01
-5.194499100657822055e+00
3.430271438233233994e+01
3.307611596879536364e+01
5.861018014670406728e+01
9.774863298423525748e+01
1.231081227337863879e+02
1.333909408567423043e+02
1.716431499700155427e+02
1.991676170588179104e+02
1.895221709468648612e+02
1.815177996689168083e+02
1.729588735672082294e+02
1.886538506774409996e+02
1.907106713775775120e+02
1.825430752748463874e+02
1.480499427306373263e+02
3.116298469213114686e+01
-3.587548269962157121e+01
-9.398392499150405399e+01
-1.361637481422629889e+02
-1.614686387610104248e+02
-1.616381655842178589e+02
-1.556984980363864395e+02
-1.361749644042906482e+02
-9.351885672310342557e+01
-5.796974335859846406e+01
-3.063055204790987318e+01
-2.582185136946708326e+01
-3.305359087815065777e+01
-2.826709108855820318e+01
-1.225233806374532719e+01
3.235726533640229263e+01
7.137931720533205748e+01
8.786804364229328712e+01
8.591834297159837774e+01
7.426929327263989933e+01
4.945635655609034131e+01
4.076722361409566986e+01
5.323728274060015053e+01
4.166407321796026508e+01
3.828585893928098471e+01
3.697166771145068509e+01
2.847825009390255246e+01
1.026717183575734538e+01
3.705421335933039018e-01
5.328063191341620097e+00
1.014921287463178601e+01
1.195367620905128803e+01
1.848647920195597294e+01
2.226268802060351248e+01
2.431697127624140009e+01
-2.380044920825281807e+01
-5.099616953590452795e+01
-6.678193286708210508e+01
-6.602143371731290244e+01
-4.191721084439049605e+01
-5.188735534697187290e+00
1.845835219556315110e+01
2.939011425440428127e+01
2.785811174288004821e+01
2.333591527391235587e+01
2.523589845443653701e+01
2.212096160306199266e+01
1.641823883535041517e+01
1.576721124217530701e+01
1.248297247270254573e+01
8.014068389822334382e+00
4.062804120800677765e+00
5.226028053443556587e-01
-1.097832560371718102e+01
-2.667169521102042751e+01
-3.576548754046119427e+01
-3.397250356783968783e+01
-2.476970213364648288e+01
-1.679186932605392713e+01
-1.012673089467530474e+01
9.591124883067436713e-01
8.578624245972918061e+00
2.640005374350319300e+01
3.002070329408530824e+01
2.591910365408407557e+01
1.653914312668701569e+01
7.517619196374930368e+00
5.689350758708535238e+00
-6.434359397808719905e-02
-2.832704332312991369e+01
-9.767532867834367494e+01
-1.558843095442552737e+02
-1.880529798642557466e+02
-1.951294917766231833e+02
-2.217447855103910683e+02
-3.050982409752061812e+02
-3.612602360625265874e+02
-3.663866579831611716e+02
-3.762366423357104850e+02
-3.515395118992773860e+02
-3.788315428740540938e+02
-3.564525641275502039e+02
-3.319188039011393130e+02
-2.507503406464213640e+02
-1.568843163328531318e+02
-7.817362619978393923e+01
-3.549877082113016513e+01
9.589248982936169341e+00
4.388506322235593871e+01
5.009767445093098104e+01
4.796391871725154488e+01
3.929628604348772569e+01
-1.943282568899576290e+00
-1.433034364503077995e+01
-9.403264621181961047e+00
1.277361263530019642e+01
2.311899752583258305e+01
3.551893911005277005e+01
5.082318951528122852e+01
5.070885833405111498e+01
5.261874166805364439e+01
6.384457470767188170e+01
9.196238299156516405e+01
1.344684485213938387e+02
1.946092554459239636e+02
2.524180571666528294e+02
3.022915991180625497e+02
2.958262095491008949e+02
2.972014694033524620e+02
2.837477822429777916e+02
2.420428204191801456e+02
2.088717939140987028e+02
1.837588125927212559e+02
1.483670746566813818e+02
1.428542916536113125e+02
1.164263611359751849e+02
9.882806884116178026e+01
7.974447334683964073e+01
7.878541297994414094e+01
7.709890757031448061e+01
6.809319231931573313e+01
6.466570806108580882e+01
6.857590279291765967e+01
8.333544518205282259e+01
8.868162174013743027e+01
8.837686726662070669e+01
5.582582174793832763e+01
1.169016435406847165e+01
-1.617692327107593542e+01
-3.829728341804668901e+01
-5.829735737174948440e+01
-5.119099004122215035e+01
-4.781562546259968371e+01
-4.229356416060221591e+01
-3.423986889588664440e+01
-1.892383547605871286e+01
-5.517352452868749424e+00
-1.556949385852394130e+01
-2.098171041345128174e+01
-1.604009899088231350e+01
-1.354633775615815239e+01
-7.479172469695129166e+00
-3.086627160191682151e+00
9.226875883498166786e-01
1.887249445565402084e+00
-9.848129933176835493e+00
-1.883041981731790315e+01
-1.595219073127640286e+01
-1.514722514710950918e+01
-8.538850893549494003e+00
1.427252424726503932e+00
2.622273951668660175e+00
4.190001434876336361e+00
8.281276278595498752e+00
3.940220470364380390e+00
1.003639041237818219e+00
3.448717883851054467e+01
5.539363542913761762e+01
6.957010907083852658e+01
6.857791191189210167e+01
6.560275897531582245e+01
5.872741896117302218e+01
5.011016203542784098e+01
4.355681302208204642e+01
3.898296233396635557e+01
4.088573305424058901e+01
7.076147568946986155e+01
8.781028663310561910e+01
1.014589399618679408e+02
9.888965298154134587e+01
9.639026996147899240e+01
1.088457339581079140e+02
6.227619857857473562e+01
3.897583308327239138e+01
1.884363691326325352e+01
4.091277642290521044e+00
-4.601621496886650675e+00
-1.315428168918796814e+01
-1.957335515441670282e+01
-2.602007900186907818e+01
-4.060526239944752547e+01
-3.073299142834596864e+01
-2.342265615985272120e+01
-1.736252573063700311e+01
-1.502275269160409721e+01
-4.195527366545803716e+00
-9.859003923764362298e-01
-5.868159609679281630e+00
-8.086278840764748566e+00
-1.183879917187141473e+01
-1.349840448467257659e+01
-8.131637246560572407e+00
4.970533848578810421e+00
9.398142189634810961e+00
1.131074678959242874e+01
1.490201422398745024e+01
1.893392237463380923e+01
1.132801488341067397e+01
5.834673901362563697e+00
2.723801201271484729e+00
-2.651493040839540072e+00
-1.431600133068948821e+01
-2.033495787382982201e+01
-1.110418749113378567e+01
-7.057436770443302976e+00
4.944406287893571061e+00
1.117171623220910703e+01
1.353368953536832464e+01
1.825138556940862600e+01
1.124777889690099073e+02
1.742111768891114423e+02
1.959271098669586308e+02
2.121761626682206838e+02
2.118212805961860568e+02
2.147780313831938201e+02
2.119481513707755198e+02
1.831752414303173282e+02
1.682402538989524601e+02
1.101075754771552511e+02
6.764445610574011880e+01
3.119564107231303751e+01
1.262438911043773260e+01
-1.986247709488304736e+01
-2.399363621673717262e+01
-2.753486999620349707e+01
-2.634554487862203587e+01
-2.924024309126934895e+01
-3.045454954056435781e+01
-3.810110366439971585e+01
-3.361668630558142468e+01
-1.586582508401261293e+01
-1.940447251373700510e+01
-5.579094106188392743e+01
-6.787124685196533846e+01
-7.795097591613534860e+01
-8.176430419622033696e+01
-8.914392063525463072e+01
-9.181510207708737425e+01
-8.509252420388941118e+01
-7.179691602925680627e+01
-2.894228503774428418e+01
1.072551301217379205e+01
2.493092034505815491e+01
2.495756360686402786e+01
2.936918583579256392e+01
5.023900229573490606e+01
8.394163615203990503e+01
1.225706348383232580e+02
2.512230927237429796e+02
2.796542438414701337e+02
3.853470016129498390e+02
4.469058822321235311e+02
4.822532611912242828e+02
4.299156123810473673e+02
2.984980038528092336e+02
1.781688011817363986e+02
2.016222411795472453e+02
1.711526165000113906e+02
1.249579683785582347e+02
3.632206097935454636e+01
-2.043592225359134318e-01
-1.892432699564642462e+01
-3.245095458940227218e+01
3.525184673665580704e+01
6.761606498741502946e+01
6.630273695792038779e+01
4.294099543702986921e+01
-3.569517263791317419e+01
-5.901833846556633034e+01
-8.209907290745150021e+01
-8.024290798487959364e+01
-1.632912252503570016e+02
-2.763244771696433872e+02
-3.289260658604025593e+02
-3.520195747936863881e+02
-3.319025715592997585e+02
-3.184418820724270063e+02
-3.376953128287271966e+02
-2.900948606144268069e+02
-2.640187792796687063e+02
-2.064697704994287051e+02
-1.560753198592181548e+02
-6.255859123239554265e+01
1.623152834401940936e+01
7.570809403447719887e+01
1.490135453692612373e+02
1.502498562507573752e+02
1.642137372036349916e+02
1.906812734739193047e+02
2.778402071335976871e+02
3.699130065500291948e+02
4.193950952883524224e+02
4.459292442597238733e+02
5.253463149256526776e+02
6.858046722599856366e+02
5.085363217717786029e+02
5.158856147895771755e+02
4.171576715907390280e+02
1.708200761124926430e+02
-2.868873248701061129e+01
-1.390945263356752548e+02
-6.595197410722448694e+01
-1.371827815504329919e+02
-2.158587002345768724e+02
-2.330377317649597444e+02
-2.143128557756906503e+02
-9.813199055354402844e+01
1.487391203046627197e+00
-1.157612419052065889e+01
-1.277602315796484618e+02
-1.492728588485495038e+02
-2.205076506323282501e+02
-4.191539692079741144e+02
-4.452283688578427245e+02
-6.367448260224890646e+02
-6.968057902543782802e+02
-5.819589743743690633e+02
-4.983757898563970343e+02
-3.952638898480951184e+02
-3.363178087583165166e+02
-3.183924507657459344e+02
-3.539013255590334666e+02
-3.682618666094269315e+02
-3.454221202750655380e+02
-3.162072924925120105e+02
-3.282424392928716088e+02
-3.097845312661070238e+02
-2.832838591957919334e+02
-2.376199996301907049e+02
-1.297513587749646717e+02
-1.034656413341087955e+01
8.451450077280503592e+01
1.795852416429311234e+02
2.541597742131572772e+02
3.933537226106165008e+02
4.206184284251417012e+02
4.796781692881766617e+02
4.958210381949748466e+02
4.607059998402045267e+02
3.387775492583903088e+02
2.776995338940998295e+02
1.979543151208157497e+02
6.587711863628021547e+01
-1.321796002871930682e+02
-2.171426771256117263e+02
-2.553652297069316432e+02
-2.875125957132612484e+02
-2.818580738062380533e+02
-1.887829177200362949e+02
-1.419013371848034240e+02
-1.866650405051697703e+02
-2.077632916167932819e+02
-1.727224602792122141e+02
-1.748827890258545210e+02
-1.675220435228432336e+02
-1.243361576993566189e+02
-1.134598459570326838e+02
-1.570715756880637741e+02
-2.040016189135088780e+02
-2.083866674902058662e+02
-1.944026304528642868e+02
-1.505629847033829378e+02
-3.278988361872728774e+01
7.644192692653712129e+01
1.397311540694083760e+02
1.745155975906019989e+02
1.567970364518697579e+02
1.616341985912295911e+02
1.479963635195920233e+02
1.216566472174245064e+02
7.314544257187009180e+01
4.769286577780499670e+01
6.377109025928996289e+01
6.441865969220971522e+01
6.206656440717175371e+01
5.164756047189975163e+01
3.737941614055445427e+01
1.747242119852563746e+01
4.593397483017227501e-01
5.431506717121692418e+00
-4.304492768224193355e+00
-3.433476756745091052e+01
-4.388370817491855291e+01
-9.146114736955470903e+01
-2.597398853963850343e+02
-3.655522218707126285e+02
-4.584056150112103296e+02
-4.715112176695535027e+02
-4.465481651452068945e+02
-4.234606268491831997e+02
-3.482813715542890804e+02
-2.736982172862701645e+02
-1.971676262393712022e+02
-1.491403077933799750e+02
-1.128380445763679063e+02
-7.622604733629782459e+01
-7.564740173804398182e+01
-1.834842143555999883e+01
2.504232848092465247e+01
1.109831571832494319e+02
1.679166000138228583e+02
1.629496054658301318e+02
1.644415761372829365e+02
1.615478568572048061e+02
1.676903152407477364e+02
1.454590345916637943e+02
1.103273828573654782e+02
9.855668510278042049e+01
7.668919351953138630e+01
6.586845933802010222e+01
9.622868632417794288e+01
1.149077518609999515e+02
1.011283201721225851e+02
2.136386710798467448e+01
-2.931692173924216149e+01
1.033823981881798773e+02
2.618997537999503038e+02
3.892399946090481535e+02
4.097656665202434283e+02
4.311958567963378073e+02
3.893980865418330950e+02
3.414494364774135988e+02
3.069076868512310625e+02
2.746281142622319180e+02
2.265539906544552196e+02
2.097564694903534246e+02
1.721535971907355815e+02
1.410870232465236995e+02
9.343908457343616192e+01
-4.926416678164287077e-01
-5.704362542708048522e+01
-6.354227771184645235e+01
-1.080026794308060971e+02
-1.222403328316686952e+02
-1.321848759224959053e+02
-1.502308100052993325e+02
-1.777497360627673970e+02
-1.838773179781184695e+02
-1.763393697712760968e+02
-2.047957979869605083e+02
-2.190417643661696729e+02
-2.210671586744532817e+02
-2.691636446128944158e+02
-3.258961359692157771e+02
-3.373038593546029915e+02
-3.769221065252310154e+02
-3.496659884525372490e+02
-3.053092305742693497e+02
-2.101497382323977945e+02
-1.454801526897049371e+02
-4.946206500357402547e+01
-5.880298371189610407e+00
8.272024104033107506e+00
1.112225521913330795e+01
1.696035483588730131e+01
1.269891528895743704e+01
4.149087955804213834e+01
8.277191503318374544e+01
1.048205376324380040e+02
1.210678328281948097e+02
1.067013373497809425e+02
8.237540169645342303e+01
6.542960295532782311e+01
5.452519776166002430e+01
5.753718994062444381e+01
3.747717361227904576e+01
3.296309657152357886e+01
3.254703814419428909e+00
-4.526695046381718157e+01
1.699124273498659932e+01
4.255867438365697808e+01
6.573948716374832202e+01
7.504702730574092584e+01
1.283746462487623603e+02
1.342774715469865328e+02
1.252760901085149499e+02
1.088322444657912342e+02
9.595101659890184465e+01
9.186668243615901019e+01
9.427210046019177980e+01
1.038695073989817104e+02
8.531964843364960416e+01
6.451599797917162959e+01
5.073031972516773180e+01
1.148130844608249390e+01
3.659138404808507516e+01
5.463079473704911493e+01
6.488871233958883522e+01
1.211471053473388935e+02
2.028286336072976326e+02
2.281752522621752917e+02
2.033561555376318211e+02
2.234241957698635872e+02
2.024301586049524531e+02
1.966264608405465992e+02
1.719656506496593238e+02
2.392489705247745633e+02
2.623570435406240904e+02
2.478844541993170196e+02
2.445339684532972342e+02
2.263556894136228266e+02
1.714961603972967623e+02
1.127996610411382790e+02
7.655816562958864324e+01
3.580832221485729860e+01
-3.219831350654624202e+01
-7.397002489572082595e+01
-1.149198477875537492e+02
-1.067585479191150171e+02
-6.209033657484997093e+01
2.655946367314243162e+01
6.202451652317995467e+01
1.040744439794602840e+02
9.788427511948282245e+01
8.873566323201544037e+01
6.424462531063772985e+01
1.992918189080842239e+01
-1.507997205964147724e+01
1.540165488335696864e+01
4.547641156111785676e+01
6.227170353667747804e+01
7.580952266419240004e+01
1.062972576986908280e+02
7.372117896892928002e+01
9.610291185544724613e+01
1.079296485624336128e+02
8.792320340687069802e+01
7.918609163699488818e+01
2.426356870270524269e+00
-4.940577397934066539e+01
-1.168932988785804810e+02
-9.970929555465590965e+01
-1.644837025316417112e+02
-2.030754263627580940e+02
-2.115921577389594859e+02
-2.152209577089113282e+02
-1.708528927358731835e+02
-1.807136021043103256e+02
-2.273313781994181113e+02
-3.156000559958307008e+02
-3.553439208521715500e+02
-3.760203068001030147e+02
-3.937570371732990111e+02
-3.367528282443591934e+02
-2.834522903559577571e+02
-2.548488456122304342e+02
-2.218339843403591658e+02
-1.484870165834145155e+02
-8.144569887417890186e+01
-6.581661676963437912e+01
-1.599162117315819387e+02
-2.215367623571881950e+02
-2.512842494631599948e+02
-2.464560353251388847e+02
-6.226729608970932759e+02
-7.206840543805960806e+02
-7.934586737243258767e+02
-7.650264433653353535e+02
-7.372692014659317010e+02
-6.263191827884265876e+02
-5.031785262369951397e+02
-2.842316728972241435e+02
-1.122676613514722703e+02
1.283215396053856239e+01
5.976986814339329612e+01
1.887251433407971035e+02
3.091570517145423764e+02
3.742973889867116668e+02
4.177857896225730201e+02
3.857653547502143283e+02
3.437868455360967346e+02
2.628541446921312854e+02
2.754364644214099371e+02
2.819241080012832299e+02
3.093403536291892806e+02
3.390081127844746334e+02
3.392097058922950055e+02
3.453616533923046745e+02
3.255087484979242163e+02
3.738959203114975480e+02
3.718859644274360221e+02
3.754701120284050262e+02
3.520560897183377165e+02
2.675863630159692548e+02
2.046739209705963560e+02
1.587951553394587165e+02
1.152361560173616652e+02
8.434167307903148014e+01
2.931575638580190457e+01
5.600119250159893625e+01
6.015273870131217393e+01
8.835247173129765486e+01
8.478939005337169021e+01
4.082860454379762416e+01
1.231484104783413613e+01
2.892489014013904125e+01
8.157809009856592297e+01
1.133993465790229749e+02
1.318911154194329924e+02
1.544547910410103668e+02
1.705870023537218003e+02
1.665560215354133220e+02
2.821570833410462456e+02
3.178330630195329150e+02
3.448212291810054921e+02
3.581989616830487648e+02
3.335722815000262926e+02
2.922737560163004673e+02
2.628353669939228894e+02
2.411111320624627297e+02
3.131170364959373273e+02
3.101686742328640776e+02
2.451720847704013977e+02
8.305724344020973149e+01
-5.048008257709398094e+01
-1.162975332849539427e+02
-9.841405040953623029e+01
-2.967762011605259431e+01
-5.654985019103833110e+01
-6.920735766639518260e+01
-4.640408167851421695e+01
-3.229649985280229885e+01
-2.221192378602711415e+01
-5.870672073226535304e+01
-1.450725616171491765e+02
-1.860066308351595126e+02
-2.084838398110293838e+02
-2.762791200966514680e+02
-2.896055207093786521e+02
-2.962456201372647229e+02
-2.451496495188639528e+02
-1.578183704377224785e+02
-1.177132821740786426e+02
-5.602940467442442696e+01
-5.021746503896474678e+01
4.810310124212662686e+01
1.636234832513468973e+01
8.257133161514332187e+00
1.588920733756083337e+01
-6.277356309702838644e+00
-1.818540618195498837e+01
-1.830860855250580244e+01
-1.797620904033192346e+01
-2.195254676347320810e+01
-1.249064955855368453e+01
-8.731424154095941503e+01
-1.113838567014311707e+02
-1.225504322461254674e+02
-1.447985859922699206e+02
-1.418560112671780189e+02
-1.226145257223030285e+02
-1.156469528073325819e+02
-1.169323102569385640e+02
-1.237074917946642358e+02
-1.157800065678787576e+02
-1.153725185910242317e+02
-5.820122195002758758e+01
-2.926552922505295840e+01
-5.451341822168329543e+01
-7.281245276429170588e+01
-9.209814207134294861e+01
-1.189270360828694493e+02
-1.139032342434153975e+02
-9.726077223084334378e+01
-8.793214339536888247e+01
-6.384725346250829148e+01
-6.364269039736925038e+01
-6.131644561992104059e+01
-4.814011471911068440e+01
-4.164937199397007817e+01
-1.043380172520244287e+00
1.382768075380522532e+01
4.705122469273865704e+01
4.067823323150763315e+01
4.181451432944066937e+01
3.463695149389836558e+01
3.676177022420927187e+01
2.949801306754207531e+01
2.612866054361722945e+01
1.543834556159790594e+01
4.931570138817917837e-01
-5.398228801034328228e+00
-5.634512954266782003e+00
1.788940729960302178e-01
-2.102655437778345515e+00
2.635071299155845281e+01
6.178875206856655922e+01
9.079543109377067367e+01
9.648857607243076018e+01
1.148817717100484543e+02
1.495957620139686242e+02
3.037072246694048090e+02
3.693135113269444219e+02
4.102895039585672521e+02
4.129010790594445552e+02
4.180458914769382091e+02
4.555745755411373921e+02
3.539487305884134685e+02
2.858642422708328468e+02
2.145187444118289477e+02
2.215168364843452764e+02
2.086705850286849682e+02
1.593333905034055533e+02
1.313829828486257156e+02
8.666357868695240541e+01
7.091504330621432928e+01
-1.657737769228310754e+01
-5.745779979443159391e+01
-6.383144764099188251e+01
-7.456505385017476328e+01
-7.419700889823934631e+01
-7.432408407323055144e+01
-3.123026174806727795e+01
-5.307679461193629322e+01
-1.030443317527319778e+02
-1.208964922329356568e+02
-1.780143284625632987e+02
-1.920583784115009394e+02
-2.023166670967885921e+02
-1.911645360570350931e+02
-2.353380096975528204e+02
-2.403074112780075211e+02
-2.575907878689516792e+02
-2.302875768323759189e+02
-2.124293223301358466e+02
-1.653008081769892783e+02
-1.369368150798995316e+02
-8.170065860177089689e+01
-1.130977238002439549e+02
-2.842090356943333518e+02
-3.430566179748273612e+02
-4.028052221261719978e+02
-4.075573086635592972e+02
-3.744270074109487041e+02
-3.642610213244949477e+02
-3.231960342793053655e+02
-2.618164111181241651e+02
-2.007973349419939950e+02
-1.416961432969158068e+02
-1.078452525306502139e+02
-3.269594119860920500e+01
3.474849819303256027e+01
1.003642643361066007e+02
1.398056440883325990e+02
1.594902748129291581e+02
1.860400844228172446e+02
1.753288535495290716e+02
9.963593224584371910e+01
6.238070071851751663e+01
3.795765366572823041e-02
2.679702532390115266e+01
3.933045737113079099e+01
5.230320750204742808e+01
6.504305965575480286e+01
6.102597368314633286e+01
7.598208205572413476e+01
7.489729212699376149e+01
5.141707392104544283e+01
2.962776208223920094e+01
1.263928365920938290e+01
1.802620104110677346e+01
3.627298975184439200e+01
2.326050891348612026e+01
2.343323018194153917e+01
5.547641244189306065e+01
9.131616944427557314e+01
1.401598409165602561e+02
1.731454433163456201e+02
2.054898074404687804e+02
2.001392867598003420e+02
1.856494142103647391e+02
1.746165807276287580e+02
1.342046118208893972e+02
1.046453117037427205e+02
9.631382357092883240e+01
1.153238253507693685e+02
1.396612251014212234e+02
2.600405918551623472e+02
3.383181122240843024e+02
3.592412648744054877e+02
3.716142069299696686e+02
3.419523232584429024e+02
3.034766137777620543e+02
3.291505626600699088e+02
2.732691489506248672e+02
2.364955612323710739e+02
2.049694928391654685e+02
1.957281831800733016e+02
1.625800714488646008e+02
9.893244046646259449e+01
9.992571040269717741e+01
1.008399303872188284e+02
2.678020461512246584e+02
3.467772003896161550e+02
2.686310323091072405e+02
2.750318891763904503e+02
2.297169631685083004e+02
1.730588258656746348e+02
1.633164611576848984e+02
2.080469292490320186e+02
2.147744829801881679e+02
1.595682938786453633e+02
8.407263418215188722e+01
1.119322408679304317e+02
2.280755513952676665e+02
2.862624103280945747e+02
2.920897379691282367e+02
3.719491354017122831e+02
3.841016927575465161e+02
3.153195229725265563e+02
2.311281689558227299e+02
2.428881022547129760e+02
1.596480525192068853e+02
-1.266369254056207865e+02
-3.237638949757688351e+02
-3.765743825114400352e+02
-3.524537517444050536e+02
-1.454158861572104797e+02
-1.450862950926384656e+02
-1.014844756363017950e+02
-5.922003410389879718e+01
-1.489928827144613024e+02
-1.545577914698806126e+02
-1.401354315004891760e+02
-1.670821426387374231e+02
-3.032069234197870173e+02
-3.598148318826242757e+02
-4.319317623077804456e+02
-4.977738662430201657e+02
-4.284214413087931916e+02
-3.297093101479545112e+02
-2.487905248429158291e+02
-1.761833330364952417e+02
1.145627754864299277e+02
4.663196619592818024e+02
6.881639236694873034e+02
8.684543306726184255e+02
8.710655040889973861e+02
7.135046621685610262e+02
6.950691774774804799e+02
5.524744681903671335e+02
4.702218605135208236e+02
4.948763891531975787e+02
6.825987512724864246e+02
7.127208424558893967e+02
7.668015354693843619e+02
7.738255402287404650e+02
8.947966061400547915e+02
9.059564143754282668e+02
8.820429283323610434e+02
1.140504214537917505e+03
1.304994238227476671e+03
1.172936610692001523e+03
1.239278127853359365e+03
1.526046384089509957e+03
1.908453334269934203e+03
2.142432495609913531e+03
2.060261149513866258e+03
1.579016732798543671e+03
7.806244880065296456e+02
-2.815995183706854732e+01
-1.737411360019095810e+02
-1.018666308597366879e+02
-4.199343990576844590e+02
-7.648223429842410042e+02
-1.044012334254547568e+03
-1.123138509880546735e+03
-1.255431113195523722e+03
-1.394521862664403670e+03
-2.071123908069181198e+03
-2.157934581234638244e+03
-2.262187151995855857e+03
-2.228937923462099207e+03
-2.133058220915133916e+03
-1.955697206878768156e+03
-2.041132239466622650e+03
-1.630365550875374538e+03
-1.190982919178648444e+03
-8.697801923385413829e+02
-7.888150412489892460e+02
-6.607302018750203843e+02
-3.015100618184433188e+02
2.022847438295320899e+02
4.097979945234517345e+02
6.687711873875091442e+02
9.153036041228569957e+02
9.552579635945453447e+02
1.861019698612777574e+03
2.337361419206548817e+03
2.267062991744284318e+03
2.471259105876273679e+03
2.361826933301714234e+03
2.088817448343375872e+03
1.955305353242944875e+03
1.617736403544209679e+03
1.418583030882484309e+03
1.536739078677774160e+03
1.401415929772709205e+03
1.726118575517070894e+03
1.779113902973020231e+03
1.833914908004408062e+03
1.263620763883722248e+03
8.878056513982483011e+01
-5.117561373429234663e+02
-1.430462454033598988e+03
-2.067766095326589493e+03
-2.455385393418582680e+03
-2.770039988080837247e+03
-2.308229285629697188e+03
-2.114753307200385279e+03
-1.662862384731554812e+03
-1.598644896385115317e+03
-1.465545337883069806e+03
-1.342975090412083773e+03
-9.409046745877558351e+02
-5.304446259251089941e+02
5.036385017278644227e+01
5.202070356593490033e+02
9.777819699322590168e+02
1.110763822628093294e+03
1.607217073914614957e+03
1.519303904138893813e+03
9.062773285707653486e+02
5.680908836387206975e+02
5.364047082786883038e+02
2.776362114538351307e+02
1.008715911251374564e+02
-6.632087943061196711e+01
-3.060703667618217878e+02
-9.011505687092549124e+02
-1.241689896140350356e+03
-1.688130181020918826e+03
-2.061770435281138816e+03
-1.759117436655084930e+03
-1.410630357090046800e+03
-1.159470411917437104e+03
-7.342434360553120314e+02
-3.151738244533735269e+02
-6.127285652993850817e+01
7.549300844809749833e+01
1.688619931687444478e+02
-5.732998099956785154e+01
-7.808760373216500739e+01
-4.875084991503172205e+00
-1.166970139793775161e+02
-4.710503885390990035e+02
-4.249534144465974350e+02
-3.906214799217846121e+02
-1.581318676653781949e+02
-2.238421421604925854e+00
5.650800147022437159e+01
5.425304878383867617e+02
7.201740563300290887e+02
8.044713033454863762e+02
5.585064275332465513e+02
1.717578752276299383e+02
-5.981892462127507315e+02
-1.147020728844503083e+03
-1.353171629136109459e+03
-1.777864928335080549e+03
-2.233829404490463276e+03
-2.489137473368215069e+03
-2.658846419604598850e+03
-2.758970611631475549e+03
-2.036088092693417366e+03
-1.336847293020387951e+03
-8.394737159054043332e+02
-6.347922066221933619e+02
8.073219460257178071e+01
5.488604975051905512e+02
6.691978978372101210e+02
7.998270444657800908e+02
3.443708413841063702e+02
5.916664802606549074e+02
5.916431684001008762e+02
6.901686008168974240e+02
9.198501155809784677e+02
9.372345994398458515e+02
5.952546132653924360e+02
4.611696374831583398e+02
-6.354977823711878955e+02
-1.199557301782926515e+03
-1.458103387872801932e+03
-1.943033023748532742e+03
-2.171012372540997148e+03
-2.546569826535370794e+03
-2.713270272352243410e+03
-3.405996159137894210e+03
-3.137609760365005059e+03
-3.208538504344998728e+03
-3.002234757478620850e+03
-3.011816085114105590e+03
-2.288084247774728283e+03
-1.685278832413576311e+03
-1.036230070647656248e+03
-6.038131292547368503e+02
-5.754327625065252505e+02
-5.817396976386244205e+02
-3.427941856172528787e+02
1.133072246977499162e+02
3.911263156254171918e+02
7.421975929041309428e+02
1.205974315826661041e+03
1.214733554097332672e+03
1.056060759744470488e+03
1.007795086847789207e+03
6.987595764359548411e+02
5.263578480101405148e+02
9.519567394177884125e+02
1.150728688859439899e+03
1.352861339003838111e+03
1.233663938780001445e+03
1.604479786225879252e+03
1.989644941550290241e+03
2.129817039672602732e+03
1.909400953117848985e+03
1.675269945198871028e+03
1.175339050924962066e+03
8.045295760693520606e+02
5.672060469359712442e+02
-8.252320254668575217e+01
-3.608387475402464588e+02
-3.314653010422985062e+02
-1.435078119420732037e+02
-3.715640498429484069e+02
-3.984023672965176956e+02
-4.623129035295414724e+01
1.841847096216270074e+02
5.273003360907814567e+02
6.421691649328849962e+02
5.158531240866741427e+02
4.774444032429614708e+02
5.604267004661387546e+02
6.868339787304407764e+02
5.538116693195283915e+02
5.222760489945376321e+02
4.482363209022805677e+02
2.751540578566664408e+02
2.912968224578326044e+02
2.657460080153045965e+02
3.443486032300813804e+02
2.559499890148717895e+02
1.432165270382647577e+02
9.736172025034602484e+01
-5.807483237742462734e+01
-1.770801247502390652e+02
-2.134169306970088655e+02
-1.746893098981543062e+02
-2.475847286740797699e+02
-3.934797064757417502e+02
-1.485568940464213483e+02
5.466286316165997050e+01
3.618641646095591113e+02
6.425121909988424704e+02
9.398823428831219644e+02
1.340672822231576674e+03
1.799433572133645612e+03
2.076045065243372846e+03
2.143546051174397235e+03
2.352969457158454134e+03
2.282309894982479818e+03
1.893755139167911238e+03
1.430757775932151162e+03
9.102765256027291798e+02
7.195165363131168306e+02
6.824787806492595337e+02
8.458285893083602787e+02
1.106957511358575175e+03
1.077968629338232404e+03
1.291905649398167952e+03
1.230098409540839384e+03
1.088837897045180398e+03
7.499509091416775846e+02
8.916347453418602527e+02
7.969178377256639578e+02
6.421848081446623837e+02
3.265395536790920232e+02
-1.073604712576579914e+02
-4.056248969574180592e+02
-3.690619802566670842e+02
-4.249565829943276185e+01
6.733659345568321442e+01
1.374434715597108152e+02
1.511140660808378016e+02
-1.226750675470157148e+02
-1.782796316021749590e+02
-5.069391444040848000e+02
-4.646274958761086964e+02
-4.785542315180318838e+02
-5.171867141581114993e+02
-7.775677702674020111e+02
-9.300978078997713965e+02
-7.974049195957363736e+02
-6.494278532378743876e+02
-4.675065719699086912e+02
-3.741576982162805507e+02
-9.662876398302614689e+01
1.654379250274855622e+02
-4.612315892862807232e+02
-9.553226090032826505e+02
-1.207909122562779885e+03
