1.324599999999999909e+03
1.318720000000000027e+03
1.312317999999999984e+03
1.305946999999999889e+03
1.326129591836734789e+03
1.332485315306122402e+03
1.344271517346938936e+03
1.361401835714285653e+03
1.381216083673469484e+03
1.388070353061224523e+03
1.378672556122449123e+03
1.351353433673469226e+03
1.337404054081632466e+03
1.328678660204081552e+03
1.343127247959183705e+03
1.337763213265306149e+03
1.296197821428571388e+03
1.257548702040816352e+03
1.239678656122448956e+03
1.260960691836734668e+03
1.277179341836734693e+03
1.281338390816326410e+03
1.278138184693877520e+03
1.286048071428571347e+03
1.281117745918367291e+03
1.276525652040816567e+03
1.280124909183673481e+03
1.304042189795918375e+03
1.311300402040816380e+03
1.301423900000000003e+03
1.288218172448979658e+03
1.291452514285714415e+03
1.299907321428571549e+03
1.294942864285714222e+03
1.298044770408163231e+03
1.300390222448979557e+03
1.324595922448979536e+03
1.349944073469387604e+03
1.354528350000000046e+03
1.339942202040816483e+03
1.302806884693877691e+03
1.291892243877551209e+03
1.290608164285714338e+03
1.287800742857142950e+03
1.239880057142857368e+03
1.194023556122449008e+03
1.210310473469387944e+03
1.248572521428571463e+03
1.264039972448979597e+03
1.230645713265306313e+03
1.223707086734693803e+03
1.226546286734693922e+03
1.202544845918367400e+03
1.184749166326530712e+03
1.191280557142857333e+03
1.213093263265306177e+03
1.211290756122449011e+03
1.198624829591836715e+03
1.172866362244897800e+03
1.179270862244898126e+03
1.179943334693877659e+03
1.198732789795918279e+03
1.203542326530612172e+03
1.206080990816326448e+03
1.183286770408163193e+03
1.165417394897959184e+03
1.170043415306122370e+03
1.183228609183673598e+03
1.145067259183673514e+03
1.127360044897959142e+03
1.136394710204081548e+03
1.153509380612244740e+03
1.153326561224489751e+03
1.152422181632653064e+03
1.163149407142857171e+03
1.173964638775510139e+03
1.189330025510204223e+03
1.206414188775510183e+03
1.221441662244897998e+03
1.222120563265306146e+03
1.212802583673469371e+03
1.218991536734693909e+03
1.211516636734693975e+03
1.236964343877551073e+03
1.225573420408163202e+03
1.239666797959183668e+03
1.244651714285714206e+03
1.261724119387755081e+03
1.224257551020408300e+03
1.208365862244897926e+03
1.230232550000000174e+03
1.258064408163265171e+03
1.226415507142857223e+03
1.195990764285714249e+03
1.185252193877551235e+03
1.210792910204081863e+03
1.247409679591836721e+03
1.250461589795918371e+03
1.260687237755101933e+03
1.247303670408163271e+03
1.264214529591836708e+03
1.262613277551020474e+03
1.284502540816326473e+03
1.274135010204081709e+03
1.254982335714285682e+03
1.233418998979591834e+03
1.245976967346938864e+03
1.250311741836734654e+03
1.272046489795918433e+03
1.277506110204081551e+03
1.275620497959183695e+03
1.254024885714285574e+03
1.255391183673469413e+03
1.276719703061224436e+03
1.294387937755102030e+03
1.298579888775510199e+03
1.288708918367346769e+03
1.262608869387755249e+03
1.247632762244897776e+03
1.233796880612244877e+03
1.244958925510204153e+03
1.231889553061224660e+03
1.222340003061224706e+03
1.212086977551020482e+03
1.217566336734693778e+03
1.223516776530612333e+03
1.227545670408163232e+03
1.223133010204081756e+03
1.259139977551020593e+03
1.278639507142857155e+03
1.283873978571428552e+03
1.272621581632653033e+03
1.287778979591836787e+03
1.286927925510203977e+03
1.277622011224489825e+03
1.285071310204081556e+03
1.292113533673469419e+03
1.282673737755102138e+03
1.267738643877551112e+03
1.261977149999999938e+03
1.267940147959183832e+03
1.285540657142857299e+03
1.279104101020408280e+03
1.277719234693877524e+03
1.293143302040816252e+03
1.288817632653061082e+03
1.275688094897959218e+03
1.296174420408163314e+03
1.336075030612244973e+03
1.330178960204081704e+03
1.308447588775510212e+03
1.305044715306122498e+03
1.310822059183673446e+03
1.293817007142857165e+03
1.281682463265306069e+03
1.274290256122448909e+03
1.282117073469387606e+03
1.289427310204081778e+03
1.281852686734693862e+03
1.267244320408163276e+03
1.233817641836734538e+03
1.229171292857142817e+03
1.237316947959183835e+03
1.243743429591836730e+03
1.241511037755102052e+03
1.242845772448979687e+03
1.261181648979591955e+03
1.266772381632653151e+03
1.268199119387755218e+03
1.293044154081632769e+03
1.303468724489795932e+03
1.293956805102040789e+03
1.281831855102040890e+03
1.289461868367346824e+03
1.282599965306122385e+03
1.278031034693877473e+03
1.291175677551020271e+03
1.298831095918367282e+03
1.297587968367347003e+03
1.291546450000000050e+03
1.305746627551020538e+03
1.315908971428571476e+03
1.337260032653061216e+03
1.333245371428571389e+03
1.302430165306122490e+03
1.272353674489795822e+03
1.271771495918367464e+03
1.280968159183673379e+03
1.301539384693877537e+03
1.282587615306122416e+03
1.273162733673469575e+03
1.255307718367346979e+03
1.259868904081632763e+03
1.256635334693877439e+03
1.274295497959183876e+03
1.290812635714285761e+03
1.278733338775510219e+03
1.270779804081632619e+03
1.268419345918367299e+03
1.269592205102040680e+03
1.261851854081632609e+03
1.245710253061224421e+03
1.234331876530612135e+03
1.228673701020408089e+03
1.243650540816326611e+03
1.239059907142857128e+03
1.230815372448979588e+03
1.224581095918367510e+03
1.242213285714285803e+03
1.250268859183673612e+03
1.265481038775510115e+03
1.271161053061224493e+03
1.281100479591836802e+03
1.277211619387755036e+03
1.269639201020408336e+03
1.275047877551020520e+03
1.289687654081632672e+03
1.294212834693877767e+03
1.276303189795918342e+03
1.284104927551020637e+03
1.298786535714285719e+03
1.308464712244898010e+03
1.303508897959183741e+03
1.300392056122449048e+03
1.295056043877551019e+03
1.277799004081632802e+03
1.273074419387754915e+03
1.280500223469387720e+03
1.303662978571428766e+03
1.326686897959183852e+03
1.332965217346938744e+03
1.319785544897959198e+03
1.290575284693877620e+03
1.285450924489795852e+03
1.307647869387755236e+03
1.339276939795918452e+03
1.338457790816326451e+03
1.313783070408163439e+03
1.303346284693877578e+03
1.311171475510204118e+03
1.314555564285714354e+03
1.354817880612244835e+03
1.360030942857142918e+03
1.357506662244897825e+03
1.344705629591836896e+03
1.375120031632653081e+03
1.382548302040816452e+03
1.378568619387755234e+03
1.376812430612244952e+03
1.381692423469387904e+03
1.364888029591836812e+03
1.342591305102040906e+03
1.338180024489795869e+03
1.345367163265306090e+03
1.347438742857142870e+03
1.331692730612244986e+03
1.324432755102040801e+03
1.327543161224489722e+03
1.312308077551020460e+03
1.305973896938775624e+03
1.306103030612244993e+03
1.329500855102040759e+03
1.308406557142857082e+03
1.299335805102040922e+03
1.295717925510203941e+03
1.297285888775510330e+03
1.287702831632653215e+03
1.291266344897959243e+03
1.301343921428571548e+03
1.286400744897959157e+03
1.298577310204081641e+03
1.327122951020408209e+03
1.340645665306122510e+03
1.325263784693877597e+03
1.328192398979591871e+03
1.340554872448979495e+03
1.316348013265306008e+03
1.291203833673469262e+03
1.295285017346938730e+03
1.307735707142857109e+03
1.299309329591836786e+03
1.292986688775510174e+03
1.296865102040816282e+03
1.299297726530612181e+03
1.287782103061224461e+03
1.291939005102040710e+03
1.294642447959183755e+03
1.308097474489796014e+03
1.310832519387755156e+03
1.297003923469387701e+03
1.288741638775510182e+03
1.296669003061224657e+03
1.320259014285714329e+03
1.322914070408163298e+03
1.317966819387755095e+03
1.302302973469387780e+03
1.293411587755101891e+03
1.302430184693877663e+03
1.309702939795918383e+03
1.316103238775510135e+03
1.315229510204081635e+03
1.313853240816326661e+03
1.313180094897959179e+03
1.318725981632653202e+03
1.323006677551020402e+03
1.325612770408163442e+03
1.321445690816326533e+03
1.308431181632653079e+03
1.295490355102040667e+03
1.290318915306122562e+03
1.291567741836734740e+03
1.284323489795918249e+03
1.280534020408163315e+03
1.269875787755102237e+03
1.264870612244897984e+03
1.260545981632653138e+03
1.257643473469387800e+03
1.259980475510204087e+03
1.275610880612244955e+03
1.290517007142856983e+03
1.298424080612244779e+03
1.294487461224489834e+03
1.296346685714285741e+03
1.294021718367346921e+03
1.313662402040816232e+03
1.334984893877551031e+03
1.369129479591836571e+03
1.372041832653061192e+03
1.361146323469387880e+03
1.346810200000000123e+03
1.349868457142857324e+03
1.339757325510204282e+03
1.343428256122448829e+03
1.351816523469387903e+03
1.365293043877551099e+03
1.376723612244897822e+03
1.373974776530612189e+03
1.368669723469387691e+03
1.355590002040816444e+03
1.361336727551020431e+03
1.358787034693877558e+03
1.360943811224489764e+03
1.386561867346938698e+03
1.402597903061224542e+03
1.398012643877551000e+03
1.367853399999999965e+03
1.362715893877551025e+03
1.365928914285714200e+03
1.368590808163265365e+03
1.352026007142856997e+03
1.349245891836734700e+03
1.351840799999999945e+03
1.349627144897959397e+03
1.331663046938775551e+03
1.326683963265306147e+03
1.343040959183673522e+03
1.359829597959183729e+03
1.376564644897959170e+03
1.398010976530612197e+03
1.403688517346938852e+03
1.385304291836734592e+03
1.359882084693877687e+03
1.344326497959183598e+03
1.340857910204081691e+03
1.345362723469387674e+03
1.360297456122449148e+03
1.355205179591836668e+03
1.339827328571428552e+03
1.318077874489795931e+03
1.338008000000000038e+03
1.351913274489796095e+03
1.372258342857142907e+03
1.364512765306122446e+03
1.352530822448979507e+03
1.338147413265306341e+03
1.338431917346938917e+03
1.349190203061224338e+03
1.352936576530612228e+03
1.347867534693877587e+03
1.330531762244898118e+03
1.328083693877551241e+03
1.332387770408163306e+03
1.352134910204081734e+03
1.367210547959183714e+03
1.395630973469387982e+03
1.404664656122449060e+03
1.385056255102040723e+03
1.351724868367346971e+03
1.331387321428571568e+03
1.348368808163265385e+03
1.367606782653061146e+03
1.363223559183673615e+03
1.353776695918367523e+03
1.354739371428571303e+03
1.372020274489795838e+03
1.389187296938775717e+03
1.382428862244898028e+03
1.372840368367347082e+03
1.373100702040816259e+03
1.374376084693877601e+03
1.379860608163265397e+03
1.377922092857142843e+03
1.365454190816326673e+03
1.334710165306122462e+03
1.336405128571428577e+03
1.340491210204081654e+03
1.344483121428571394e+03
1.341976461224489640e+03
1.337453295918367530e+03
1.325057997959183695e+03
1.317675493877550934e+03
1.337569077551020428e+03
1.342000433673469388e+03
1.336075478571428675e+03
1.335696208163265283e+03
1.351670148979591659e+03
1.363678102040816384e+03
1.354557084693877414e+03
1.314583629591836598e+03
1.290601678571428693e+03
1.291813106122448971e+03
1.309573468367347004e+03
1.312130765306122385e+03
1.319952292857142993e+03
1.318423906122448898e+03
1.336565746938775646e+03
1.341040959183673294e+03
1.331178967346938862e+03
1.320398178571428616e+03
1.331670565306122626e+03
1.326243352040816490e+03
1.316106779591836812e+03
1.309431807142857224e+03
1.326680913265306117e+03
1.327477513265306243e+03
1.329009553061224551e+03
1.325127445918367357e+03
1.326919082653061196e+03
1.322070096938775578e+03
1.328290661224489895e+03
1.310218460204081566e+03
1.296082546938775522e+03
1.283100125510203952e+03
1.291687889795918409e+03
1.283433873469387891e+03
1.287013296938775511e+03
1.290639922448979632e+03
1.285510341836734597e+03
1.270511034693877491e+03
1.264192137755102067e+03
1.268216836734693970e+03
1.268973988775510179e+03
1.275173063265306155e+03
1.283957917346938757e+03
1.287908519387755177e+03
1.283971927551020372e+03
1.289620363265306196e+03
1.283157388775510299e+03
1.274247275510204190e+03
1.260790926530612296e+03
1.258664895918367392e+03
1.257942750000000160e+03
1.251518882653061382e+03
1.239023078571428641e+03
1.226145428571428511e+03
1.244091716326530786e+03
1.253407387755102036e+03
1.260136141836734623e+03
1.257628181632652968e+03
1.257992407142857019e+03
1.247218244897959266e+03
1.242156406122449198e+03
1.241367004081632558e+03
1.240556828571428468e+03
1.235085101020408274e+03
1.236541633673469505e+03
1.230222194897959298e+03
1.232514951020408262e+03
1.230438633673469440e+03
1.240241926530612091e+03
1.241328739795918409e+03
1.224575234693877746e+03
1.207753363265306007e+03
1.187453695918367430e+03
1.187741228571428564e+03
1.188231182653061296e+03
1.207202483673469487e+03
1.221193014285714298e+03
1.233909564285714396e+03
1.226011274489795824e+03
1.224496143877551049e+03
1.243031967346938700e+03
1.244116262244898053e+03
1.224122803061224431e+03
1.215690297959183908e+03
1.222903561224489977e+03
1.214377030612244880e+03
1.212524402040816540e+03
1.230236941836734559e+03
1.234015252040816449e+03
1.221480648979591933e+03
1.204960371428571307e+03
1.213688496938775643e+03
1.238759656122449087e+03
1.241887747959183798e+03
1.230792172448979500e+03
1.217747077551020311e+03
1.227204775510204172e+03
1.236047530612244827e+03
1.227377148979591766e+03
1.223802452040816434e+03
1.222012974489795852e+03
1.218825256122448991e+03
1.199355507142857050e+03
1.197772612244898028e+03
1.208739026530612136e+03
1.237640356122449020e+03
1.240586406122449034e+03
1.238054353061224447e+03
1.227683579591836633e+03
1.208303816326530523e+03
1.194364172448979616e+03
1.198796595918367530e+03
1.237226957142857145e+03
1.267790404081632687e+03
1.285873641836734805e+03
1.277270106122449079e+03
1.262660026530612186e+03
1.245235681632653041e+03
1.247493879591836958e+03
1.245071462244898157e+03
1.264281532653061049e+03
1.262036782653061209e+03
1.262181063265305966e+03
1.255784393877550883e+03
1.257989716326530470e+03
1.248469904081632876e+03
1.229296516326530536e+03
1.247221739795918438e+03
1.263966491836734576e+03
1.271617124489795970e+03
1.257448941836734548e+03
1.254074430612244896e+03
1.245349166326530849e+03
1.225786518367347071e+03
1.212252305102040737e+03
1.209992664285714227e+03
1.220238409183673411e+03
1.237486930612245033e+03
1.259674021428571450e+03
1.263154656122448841e+03
1.256296105102040883e+03
1.252714002040816467e+03
1.256389031632653086e+03
1.250983974489795855e+03
1.245950643877551101e+03
1.242456929591836570e+03
1.233417393877550921e+03
1.246158714285714268e+03
1.245183773469387688e+03
1.262014790816326467e+03
1.273477137755102149e+03
1.279492475510204258e+03
1.274106874489795928e+03
1.271433946938775307e+03
1.277540215306122491e+03
1.273198119387755241e+03
1.272940471428571300e+03
1.267569966326530448e+03
1.255970793877551159e+03
1.259680226530612117e+03
1.272927672448979820e+03
1.292877954081632652e+03
1.298875354081632622e+03
1.294848909183673641e+03
1.299373411224489928e+03
1.316458204081632630e+03
1.328706628571428610e+03
1.331864319387754904e+03
1.312904439795918506e+03
1.318828768367347038e+03
1.313627634693877553e+03
1.320322634693877490e+03
1.316556816326530679e+03
1.319139702040816474e+03
1.320284742857142874e+03
1.322411408163265378e+03
1.322649995918367267e+03
1.315973775510203950e+03
1.305286810204081803e+03
1.297057608163265286e+03
1.299493988775510161e+03
1.303763701020408234e+03
1.311066436734693980e+03
1.325226811224489893e+03
1.344076708163265266e+03
1.352041955102040674e+03
1.350223791836734563e+03
1.361611085714285764e+03
1.358386046938775507e+03
1.342990004081632833e+03
1.331953961224489603e+03
1.335175958163265250e+03
1.336025268367347053e+03
1.339494743877550945e+03
1.332980992857142837e+03
1.334039301020408175e+03
1.336855853061224479e+03
1.343319970408163272e+03
1.346041925510204010e+03
1.358975359183673390e+03
1.376672416326530538e+03
1.389705565306122480e+03
1.370468783673469488e+03
1.351906553061224486e+03
1.346638115306122472e+03
1.350310743877550976e+03
1.345326625510204167e+03
1.338075560204081739e+03
1.331415316326530728e+03
1.294616517346938735e+03
1.279952832653061250e+03
1.289723852040816382e+03
1.311939009183673534e+03
1.327970996938775670e+03
1.328012653061224455e+03
1.330539613265306116e+03
1.337415606122449162e+03
1.331100465306122487e+03
1.330149792857142756e+03
1.330886190816326689e+03
1.343499694897959216e+03
1.332723896938775397e+03
1.336177842857142878e+03
1.340751706122449150e+03
1.355491564285714276e+03
1.351158831632653119e+03
1.338167364285714484e+03
1.308729040816326687e+03
1.303386658163265338e+03
1.307734256122449096e+03
1.314126918367346889e+03
1.312353719387755291e+03
1.304675378571428610e+03
1.309789134693877713e+03
1.329059691836734601e+03
1.345651499999999942e+03
1.345122636734693970e+03
1.327970052040816199e+03
1.315287512244897925e+03
1.299859040816326569e+03
1.288200257142857026e+03
1.286283133673469592e+03
1.293662080612245063e+03
1.292989428571428789e+03
1.292456791836734510e+03
1.306681374489796099e+03
1.321734028571428553e+03
1.314775804081632714e+03
1.307785722448979641e+03
1.309194540816326480e+03
1.296663472448979746e+03
1.296409764285714346e+03
1.304647787755102172e+03
1.321370905102040751e+03
1.318487218367346941e+03
1.317777090816326563e+03
1.326354146938775557e+03
1.334470509183673585e+03
1.335384308163265359e+03
1.318735808163265347e+03
1.297570083673469526e+03
1.285891187755102010e+03
1.282987773469387776e+03
1.292168987755102080e+03
1.310686085714285809e+03
1.319604751020408003e+03
1.310083630612244860e+03
1.304037645918367389e+03
1.306525329591836908e+03
1.328695861224489818e+03
1.364195019387755337e+03
1.386089336734693916e+03
1.390351802040816438e+03
1.378805774489796022e+03
1.378903589795918606e+03
1.357140247959183625e+03
1.343257121428571509e+03
1.348223367346938858e+03
1.368182686734693789e+03
1.393686746938775514e+03
1.382665440816326509e+03
1.372129130612244808e+03
1.364234222448979608e+03
1.421817297959183634e+03
1.467673944897959018e+03
1.483519835714285819e+03
1.491880778571428664e+03
1.454779509183673554e+03
1.426553142857142802e+03
1.416072221428571538e+03
1.417548653061224513e+03
1.407805356122448984e+03
1.434702185714285633e+03
1.465970517346938777e+03
1.428581958163265426e+03
1.409354071428571388e+03
1.406501154081632876e+03
1.443777841836734524e+03
1.452846549999999979e+03
1.453172848979591890e+03
1.441496177551020310e+03
1.437230199999999968e+03
1.440862276530612462e+03
1.446945830612244890e+03
1.483294962244897988e+03
1.479602991836734645e+03
1.461148964285714328e+03
1.444760804081632614e+03
1.441226427551020379e+03
1.441905694897959165e+03
1.442694162244898052e+03
1.459401627551020283e+03
1.462412978571428766e+03
1.436361455102040736e+03
1.464236249999999927e+03
1.518691391836734738e+03
1.546437035714285912e+03
1.570040690816326560e+03
1.561180438775510311e+03
1.552827336734693972e+03
1.530932105102040850e+03
1.535073784693877769e+03
1.548682291836734748e+03
1.555914619387755238e+03
1.560441901020408068e+03
1.523167643877550972e+03
1.520313048979591940e+03
1.525612978571428584e+03
1.537634433673469402e+03
1.532862182653061154e+03
1.574221976530612210e+03
1.598682494897959259e+03
1.600546109183673479e+03
1.562221095918367382e+03
1.548080614285714319e+03
1.560987656122448925e+03
1.589292526530612349e+03
1.572380325510204102e+03
1.544429671428571510e+03
1.517196401020408075e+03
1.508193500000000085e+03
1.497259464285714330e+03
1.537740998979591950e+03
1.546461161224489842e+03
1.534868728571428619e+03
1.518997851020408234e+03
1.534299410204081596e+03
1.535755953061224318e+03
1.531490254081632656e+03
1.558345669387755152e+03
1.570995368367346828e+03
1.577769767346938806e+03
1.536649313265306091e+03
1.501949901020408106e+03
1.481473175510204101e+03
1.482571650000000091e+03
1.514281948979591789e+03
1.564167282653061420e+03
1.562583030612245011e+03
1.536039758163265333e+03
1.525268286734693902e+03
1.544407331632653268e+03
1.526562038775510246e+03
1.494643982653061357e+03
1.500074396938775408e+03
1.515043417346938895e+03
1.521355322448979678e+03
1.520660320408163216e+03
1.524334001020408095e+03
1.526332440816326653e+03
1.513105460204081737e+03
1.523300284693877529e+03
1.530979602040816417e+03
1.559176728571428612e+03
1.533640362244897915e+03
1.509973979591836724e+03
1.501908264285714267e+03
1.548067400000000134e+03
1.560848688775510254e+03
1.553915590816326585e+03
1.512115606122448980e+03
1.497498111224489776e+03
1.494749842857142767e+03
1.484135281632653005e+03
1.467279860204081842e+03
1.458559946938775511e+03
1.485516210204081744e+03
1.502328738775510146e+03
1.509277469387755218e+03
1.501128257142857365e+03
1.499557712244898084e+03
1.504087085714285649e+03
1.499203776530612231e+03
1.491938622448979686e+03
1.480198414285714307e+03
1.475583232653061259e+03
1.475590468367347057e+03
1.481094608163265320e+03
1.491678786734693858e+03
1.496597787755101990e+03
1.518017559183673484e+03
1.520309391836734676e+03
1.517530371428571470e+03
1.483570583673469400e+03
1.477999291836734756e+03
1.484425062244897845e+03
1.501982013265306250e+03
1.502426377551020551e+03
1.498592286734693971e+03
1.511289686734693987e+03
1.514718772448979507e+03
1.510895412244897898e+03
1.504326373469387818e+03
1.510900884693877515e+03
1.517598203061224467e+03
1.556646202040816206e+03
1.576883368367346975e+03
1.589621236734693866e+03
1.601650263265306194e+03
1.644135999999999967e+03
1.638859157142857157e+03
1.620428485714285671e+03
1.575572431632653206e+03
1.570204193877551006e+03
1.565800682653061131e+03
1.574114279591836748e+03
1.574383383673469325e+03
1.587657678571428505e+03
1.598666490816326586e+03
1.600144404081632501e+03
1.585087397959183591e+03
1.584344564285714341e+03
1.594567295918367336e+03
1.606797911224489781e+03
1.623578014285714289e+03
1.619976291836734617e+03
1.612688922448979611e+03
1.606442169387755030e+03
1.622365689795918570e+03
1.613374592857142943e+03
1.581547809183673508e+03
1.561074789795918377e+03
1.580247282653061347e+03
1.612802823469387931e+03
1.622363218367346917e+03
1.609867358163265180e+03
1.591540524489796098e+03
1.602218642857142868e+03
1.620584654081632607e+03
1.628059883673469358e+03
1.629771536734693882e+03
1.649415223469387684e+03
1.677749840816326696e+03
1.710719707142857033e+03
1.750735240816326495e+03
1.723574374489795900e+03
1.667246381632653083e+03
1.659439477551020445e+03
1.633418155102040828e+03
1.605336535714285674e+03
1.609730895918367423e+03
1.690267419387755126e+03
1.737513688775510218e+03
1.764830300000000079e+03
1.740098524489795864e+03
1.693796779591836867e+03
1.662705732653061204e+03
1.565807941836734699e+03
1.518928473469387654e+03
1.428662459183673491e+03
1.507662985714285696e+03
1.500891289795918510e+03
1.502189604081632751e+03
1.478462737755102125e+03
1.565631127551020427e+03
1.716028631632653060e+03
1.742756208163265455e+03
1.745463195918367319e+03
1.671749433673469412e+03
1.659509191836734772e+03
1.625728195918367419e+03
1.591819203061224471e+03
1.624695185714285799e+03
1.655566986734693955e+03
1.723672430612244852e+03
1.713130772448979769e+03
1.710795458163265494e+03
1.724889189795918355e+03
1.829278548979591960e+03
1.831467947959183675e+03
1.796994863265306094e+03
1.707442538775510229e+03
1.694267580612244956e+03
1.679626767346938777e+03
1.745344203061224334e+03
1.803610021428571372e+03
1.791817959183673565e+03
1.751958515306122536e+03
1.702024757142857197e+03
1.719547371428571523e+03
1.729047292857143020e+03
1.724722313265306184e+03
1.735332390816326551e+03
1.738836117346938863e+03
1.733431974489795948e+03
1.727475579591836777e+03
1.742078397959183803e+03
1.746101746938775705e+03
1.743728516326530553e+03
1.779635532653061091e+03
1.798586803061224373e+03
1.792422614285714189e+03
1.776887966326530659e+03
1.789677632653061210e+03
1.765129256122449078e+03
1.758580871428571299e+03
1.740277766326530582e+03
1.716672075510203967e+03
1.725015677551020644e+03
1.767557726530612399e+03
1.795850194897959227e+03
1.792437269387755123e+03
1.741247672448979529e+03
1.709370989795918376e+03
1.678724018367346844e+03
1.707479837755101926e+03
1.748494621428571463e+03
1.787344218367346912e+03
1.806139959183673682e+03
1.789424612244897844e+03
1.747276913265306121e+03
1.732930891836734645e+03
1.750724529591836927e+03
1.764926705102040842e+03
1.774109673469387872e+03
1.816842354081632720e+03
1.845413781632653127e+03
1.830013571428571368e+03
1.792651080612244868e+03
1.769661177551020273e+03
1.799139919387755072e+03
1.817968186734693973e+03
1.824557413265306195e+03
1.815557045918367294e+03
1.815981687755102030e+03
1.830107468367347110e+03
1.836732382653061222e+03
1.868868505102040899e+03
1.870796123469387794e+03
1.855655719387755198e+03
1.838295037755102157e+03
1.833670533673469436e+03
1.840704192857142743e+03
1.843450450000000046e+03
1.849187808163265345e+03
1.857493771428571563e+03
1.896236434693877527e+03
1.925507107142857194e+03
1.956738192857142849e+03
1.981389880612244951e+03
2.032100911224489892e+03
2.034240796938775475e+03
2.026396050000000059e+03
2.012479903061224604e+03
2.021749587755102084e+03
2.008756188775510282e+03
2.024383074489795945e+03
2.126846952040816177e+03
2.199822348979591879e+03
2.136573280612245071e+03
2.072828858163265068e+03
1.934536809183673540e+03
1.888301277551020348e+03
1.896377844897959221e+03
1.989637374489796002e+03
2.032761281632653208e+03
2.088633454081632863e+03
2.069132941836734972e+03
1.955093940816326494e+03
1.893020859183673565e+03
1.943155260204081742e+03
1.955881033673469346e+03
1.964949818367347007e+03
1.953580175510204072e+03
2.017529320408163358e+03
2.041324569387755218e+03
2.020183099999999968e+03
1.967263076530612352e+03
1.935100006122448804e+03
1.950198650000000043e+03
1.935239100000000008e+03
1.983835668367347125e+03
2.032062433673469286e+03
2.028666517346938690e+03
2.000374938775510145e+03
1.981290405102040722e+03
2.006319595918367213e+03
1.971862334693877528e+03
1.981842544897959215e+03
1.928822743877550920e+03
1.918264844897959392e+03
1.866216263265306225e+03
1.864454057142857209e+03
1.860206796938775597e+03
1.892369536734693838e+03
1.931174553061224515e+03
1.948409264285714244e+03
1.964565256122449000e+03
1.958632803061224422e+03
1.963984364285714264e+03
1.960537115306122587e+03
1.923095232653061203e+03
1.903700538775510267e+03
1.952686964285714339e+03
2.001501646938775593e+03
1.950688836734693950e+03
1.925311026530612480e+03
1.914400926530612423e+03
1.946602500000000191e+03
1.941918227551020436e+03
1.946174914285714294e+03
1.965258288775510209e+03
1.950410221428571276e+03
1.943048842857142972e+03
1.919253142857142848e+03
1.944243725510204058e+03
1.899944041836734868e+03
1.882115881632653100e+03
1.894950104081632617e+03
1.941998094897959163e+03
1.970169403061224557e+03
1.960014971428571471e+03
1.997925306122449001e+03
2.010234663265306153e+03
1.916991397959183587e+03
1.856703559183673633e+03
1.845007538775510056e+03
1.910373626530612228e+03
1.932819439795918470e+03
1.948718571428571522e+03
1.936915825510204286e+03
1.909326174489795903e+03
1.880800079591836720e+03
1.891838191836734723e+03
1.868726285714285723e+03
1.808032500000000027e+03
1.785391638775510273e+03
1.820125065306122451e+03
1.813312817346939028e+03
1.766291363265306018e+03
1.824118643877551222e+03
1.895207477551020474e+03
1.924123095918367426e+03
1.902839437755102153e+03
1.921326198979591709e+03
1.933497838775510218e+03
1.892615623469387629e+03
1.865409736734693979e+03
1.859810825510204040e+03
1.865215978571428650e+03
1.882513886734693870e+03
1.899290404081632687e+03
1.959436881632653012e+03
1.951850750000000062e+03
1.940065243877550984e+03
1.905806535714285701e+03
1.910173445918367406e+03
1.908050062244898072e+03
1.927882818367346999e+03
2.013395747959183609e+03
2.042714208163265539e+03
2.011752175510204097e+03
1.945814941836734761e+03
1.867802621428571456e+03
1.820798936734693825e+03
1.817309941836734652e+03
1.883874314285714490e+03
1.885366911224489741e+03
1.874387766326530482e+03
1.852310842857142688e+03
1.864956231632653044e+03
1.898000694897959193e+03
1.923618723469387987e+03
1.910594837755102162e+03
1.891875124489796008e+03
1.890551216326530721e+03
1.879652793877550948e+03
1.882118382653061190e+03
1.903713872448979828e+03
1.918834097959183737e+03
1.869048783673469416e+03
1.845899592857142807e+03
1.786706136734693928e+03
1.801892606122449024e+03
1.857862716326530517e+03
1.923103366326530477e+03
1.911870322448979550e+03
1.883229077551020509e+03
1.846527422448979678e+03
1.831072203061224627e+03
1.805856679591836837e+03
1.793088992857142784e+03
1.776330898979591893e+03
1.808650492857142808e+03
1.857042683673469355e+03
1.864387550000000147e+03
1.831110453061224462e+03
1.796626366326530615e+03
1.751136161224490024e+03
1.727493535714285827e+03
1.718635835714285804e+03
1.726318827551020377e+03
1.727575657142857153e+03
1.716723373469387752e+03
1.704970765306122303e+03
1.739699665306122597e+03
1.771207477551020474e+03
1.785924206122448822e+03
1.740506783673469499e+03
1.753307696938775734e+03
1.775466264285714260e+03
1.789272753061224421e+03
1.764325720408163306e+03
1.765646370408163193e+03
1.777384151020408126e+03
1.766845580612244930e+03
1.758785541836734637e+03
1.770670546938775487e+03
1.775222510204081573e+03
1.733657267346938852e+03
1.684581556122449001e+03
1.686904713265306327e+03
1.760862740816326550e+03
1.825530872448979608e+03
1.817693517346938734e+03
1.805999837755101908e+03
1.782994254081632562e+03
1.766830172448979511e+03
1.768896253061224570e+03
1.774224906122448829e+03
1.800760935714285779e+03
1.826152107142857176e+03
1.844692682653061411e+03
1.829370940816326538e+03
1.844479630612245046e+03
1.842537806122448956e+03
1.823355733673469558e+03
1.793152804081632667e+03
1.811248584693877547e+03
1.807742179591836930e+03
1.793637021428571416e+03
1.786798092857142819e+03
1.840789582653061188e+03
1.845774374489795946e+03
1.870407342857142794e+03
1.897817605102040943e+03
1.926903325510204013e+03
1.885648254081632786e+03
1.861338947959183770e+03
1.848543023469387890e+03
1.873755022448979616e+03
1.904312400000000025e+03
1.937137078571428447e+03
1.959195869387755238e+03
1.944291747959183795e+03
1.921834779591836650e+03
1.909338626530612146e+03
1.929588844897959007e+03
1.952389912244898142e+03
1.944848111224489912e+03
1.944134593877550969e+03
1.938962855102040976e+03
1.949036114285714348e+03
1.896594484693877575e+03
1.906142065306122277e+03
1.918787141836734691e+03
1.950971866326530517e+03
1.936286026530612389e+03
1.930580885714285841e+03
1.912898131632653076e+03
1.887402574489795825e+03
1.882812190816326620e+03
1.884406854081632673e+03
1.788365193877551064e+03
1.732530268367346935e+03
1.741002370408163188e+03
1.808495392857142861e+03
1.834950222448979730e+03
1.834461244897959432e+03
1.830982277551020616e+03
1.810862969387755129e+03
1.779682775510204237e+03
1.773714140816326562e+03
1.810283991836734913e+03
1.847531656122449021e+03
1.848950482653061272e+03
1.861323073469387737e+03
1.861260326530612247e+03
1.855884104081632586e+03
1.840893891836734610e+03
1.825815343877550958e+03
1.843561296938775513e+03
1.872097855102040739e+03
1.887475577551020478e+03
1.869856602040816369e+03
1.850042738775510315e+03
1.854566915306122382e+03
1.832471135714285765e+03
1.822972412244897896e+03
1.816934223469387689e+03
1.835056373469387836e+03
1.837811559183673353e+03
1.832748828571428476e+03
1.873644905102040639e+03
1.889256576530612165e+03
1.867449746938775661e+03
1.834092820408163107e+03
1.860910336734693828e+03
1.844933755102041005e+03
1.776015666326530663e+03
1.711937731632653140e+03
1.702611831632653093e+03
1.751553524489795791e+03
1.790272168367346922e+03
1.838976719387755111e+03
1.854836184693877385e+03
1.860459070408163143e+03
1.831069084693877585e+03
1.815024647959183767e+03
1.808284095918367484e+03
1.842040776530612220e+03
1.866321131632653078e+03
1.843794681632653010e+03
1.809701624489795904e+03
1.820787173469387653e+03
1.866426332653061309e+03
1.872776344897959234e+03
1.860338911224489948e+03
1.862568654081632758e+03
1.869030201020408185e+03
1.840221491836734685e+03
1.798534911224489861e+03
1.795038900000000012e+03
1.822045577551020415e+03
