0
0.003724
0.007136
0.003702
0.006682
0.006855832
0.002729553
0.006088379
0.010822016
0.016179693
0.00790683
0.002014797
0.008955786
0.012134825
0.00471478
0.001745261
0.010150498
0.029149418
0.031578252
0.018278866
0.006243942
0.001804319
0.003123421
0.000573244
0.002992124
0.003032245
0.002922897
0.00702206
0.010556674
0.007381559
0.002446518
0.002975056
0.002683334
0.002206521
0.000719658
0.00187297
0.007492727
0.014723062
0.020321124
0.007939329
0.004909593
0.012707608
0.012957702
0.004303962
0.017281365
0.035808269
0.033290465
0.004554937
0.009789422
0.004101735
0.01236735
0.008442681
0.005783989
0.021116109
0.017045595
0.00154288
0.000433981
0.002926464
0.010707893
0.015180703
0.005038317
0.001925914
0.001546707
0.009315888
0.00341953
0.012101853
0.010277893
0.002311003
0.004245162
0.02367193
0.019875189
0.004209996
0.002990315
0.001746818
0.00465928
0.004001524
0.012635469
0.015491436
0.017262538
0.018563722
0.008524846
0.004297357
0.007412756
0.005954157
0.008998994
0.009869877
0.003049776
0.017896388
0.003112244
0.01361997
0.005954653
0.013233991
0.005763345
0.014818065
0.019667342
0.005217093
0.007966265
0.018113536
0.011067141
0.005890057
0.009928868
0.005167353
0.013455028
0.009583045
0.00128852
0.011044697
0.007875338
0.000739552
0.004881351
0.008056676
0.010351643
0.003450869
0.005148296
0.00263267
0.011845554
0.012256038
0.005841622
0.002453489
0.012454481
0.014169635
0.008847031
0.007724685
0.009350642
0.015502683
0.007845167
0.004279654
0.001332594
0.00010815
0.003747654
0.019084839
0.020931921
0.004485462
0.010386614
0.01097344
0.003662982
0.001447167
0.007175393
0.004732046
0.005137836
0.006516764
0.003743159
0.001733268
0.006198442
0.000267584
0.00065572
0.010392609
0.002175486
0.003177484
0.019626624
0.019254374
0.002524246
0.002461726
0.00214972
0.001149624
0.009268959
0.010338431
0.005008923
0.002219777
0.000609848
0.00671884
0.015717946
0.019105194
0.014009913
0.001254867
0.005126279
0.00421955
0.003823769
0.006597692
0.006996546
0.007780556
0.01711868
0.012841588
0.002108894
0.002755619
0.00351121
0.003563854
0.000238856
0.008041874
0.004293325
0.000684287
0.003672062
0.007532163
0.013154103
0.012068524
0.002577615
0.015509375
0.015843284
0.005270368
6.74001E-06
0.001901768
0.006133918
0.014380031
0.006060597
0.008851004
0.001591311
0.007403347
0.006351071
0.003349839
0.003965578
0.000563217
0.004536271
0.006877325
0.011525852
0.013275238
0.004998343
0.001128031
0.00470413
0.009050433
0.001174089
0.005220676
0.008023586
0.009430218
0.011870619
0.007662027
0.004477611
0.000798462
0.006645614
0.011103777
0.002144961
0.002122886
0.006254095
0.011633007
0.00510541
0.003768285
0.000831892
0.004338853
0.008256812
0.00547613
0.005145131
0.012264995
0.015710997
0.008648392
0.0043582
0.010220463
0.002844095
0.012881155
0.014532164
0.002575462
0.007282976
0.003143487
0.002306429
0.006879402
0.018594057
0.014184509
0.001960378
0.010890129
0.014486418
0.009827146
0.004299354
0.005800242
0.00254105
0.008111964
0.012152895
0.004597924
0.001784051
0.005366301
0.008900351
0.007860674
0.004673078
0.011542772
0.010298485
0.00220056
0.000242933
0.007792817
0.010362741
0.001852735
0.007316598
0.006913072
0.00064107
0.000893382
0.004804877
0.007108946
0.019067483
0.006594465
0.001560904
0.008013332
0.004102785
0.011576506
0.013231252
0.000297372
0.001236848
0.007303886
0.003193882
0.000344046
0.003492865
0.004638188
0.001102548
0.003825633
0.004233794
0.00304912
0.006242186
0.003813403
0.007674326
0.009072065
0.005689857
0.001324845
0.005536359
0.004537841
0.002741313
0.004228734
0.002118582
0.003332172
2.60358E-05
0.0015511
0.004685427
0.003243891
0.00245135
0.00123647
0.008295151
0.00861424
0.006057257
0.006051473
0.006945208
0.008383847
0.008856834
0.00947355
0.006776852
0.006332543
0.000720493
0.008055688
0.009404727
0.006543985
0.004641772
0.00283997
0.006244453
0.013388998
0.022633962
0.022588026
0.014776263
0.002068099
0.002213029
0.001496704
0.002417359
0.00130773
0.008431703
0.007421423
0.009480287
0.004227402
0.002793723
0.000629242
0.000741938
0.000243689
0.003790079
0.014462486
0.012491144
0.002495567
0.007017937
0.004787676
9.7669E-05
0.004630968
0.008502569
0.004954196
0.001521457
0.007921407
0.010615415
0.004628194
0.005495157
0.009566587
0.01301398
0.017391278
0.008167389
0.005348029
0.009815883
0.010772197
0.007149765
0.000306331
0.001773393
0.003656879
0.01226051
0.008358285
0.003389131
0.01007449
0.005884241
0.003391526
0.006978294
0.005675413
0.000410963
0.001758789
0.001638055
0.004716337
0.008288617
0.004012193
0.002832113
0.008062549
0.015682722
0.01787294
0.01185667
0.00582358
0.014420384
0.009035635
0.002209412
0.006220598
0.003379536
0.003232415
0.004204689
0.007887138
0.010012514
0.001252929
0.002750444
0.003567963
0.000601869
0.001307764
0.001043656
0.012296337
0.014428245
0.006029292
0.002352193
0.004815034
0.001900526
0.006535966
0.009874265
0.003218359
0.004399286
0.002107737
0.003704925
0.004425801
0.009102231
0.005770309
0.005179956
0.020492046
0.018242075
0.003817435
0.001910855
0.000389194
0.002370386
0.003819927
0.008224119
0.006989879
0.005158596
0.000239664
0.003953719
0.004373272
0.006816167
3.63781E-05
0.0028352
0.003219227
0.00075031
0.001332693
0.000402195
0.000786914
0.00096161
0.008886976
0.014662757
0.006549888
0.006622283
0.006206492
0.003052633
0.000396624
0.007571485
0.010100839
0.006075813
0.003370324
0.001661991
0.002093544
0.005296973
0.002343959
0.001408784
0.002786476
0.002107776
0.008287096
0.006610616
0.006700592
0.005119642
0.008376793
0.013081582
0.007764084
0.002766839
0.005359562
0.000792219
0.003730966
0.001369435
0.005300476
0.003612217
0.002669654
0.004168498
0.003690865
0.003333401
0.003699714
0.003075639
0.000895202
0.001731032
0.000221827
0.011196077
0.015478323
0.013905114
0.011824033
0.001090527
0.004886145
0.010513828
0.007666414
0.001925542
0.004884577
0.012484584
0.001954687
0.009209121
0.001337036
0.000638628
0.007041101
0.000400118
0.008703768
0.000376931
0.007554596
0.005173363
0.003458805
0.012562912
0.003557974
0.005672275
0.000531305
0.002463343
0.00344507
0.002846475
0.003600371
0.000166423
0.008462631
0.011314247
0.00402384
0.006796339
0.012133432
0.008179206
0.000556647
0.002369316
0.012714024
0.011592913
0.005750419
0.018597742
0.024558859
0.017083533
0.006799419
0.002182365
0.004321373
0.001742589
0.002464422
0.005075818
0.004986547
0.002578347
0.00164927
0.001550101
0.008427848
0.007206835
0.005346288
0.011308405
0.000568336
0.000778128
0.003028891
0.008361575
0.014551649
0.013565584
0.006163606
0.000732097
0.009882642
0.01333625
0.006680444
0.0012721
0.003432012
0.001891305
0.001935891
0.00294154
0.003709832
0.004089264
0.002242288
0.005262534
0.006214299
0.01456641
0.004888928
0.002175877
0.005331362
0.001954675
0.001390056
0.000427627
0.003641577
0.005769241
0.000938072
0.009578004
0.01043687
0.008585567
0.004247589
0.00870136
0.014991423
0.01145107
0.005270998
0.000195166
0.00070355
0.004125549
0.001296013
0.002953495
0.000873369
0.001207649
0.00301555
0.00081018
0.003908212
0.006591023
0.00670454
0.001649924
0.000892037
0.00372693
0.011554102
0.013346423
0.009551626
0.00841025
0.009492929
0.003033346
0.006760857
0.002992655
0.000530716
0.00163148
6.01859E-05
0.002016401
0.002042401
0.003815297
0.001952897
0.004749794
0.011234845
0.013515501
0.008870917
0.003146291
0.008523081
0.001317287
0.00334876
0.005940151
0.005459804
0.012973248
0.022936769
0.017047575
0.00031139
0.003594816
0.006731696
0.005303436
0.002844251
0.006891633
3.59012E-05
0.001019863
0.006828554
0.001817457
0.000111266
0.002010731
0.006692989
0.005952788
0.001301074
0.00972516
0.013957909
0.009215639
0.001903139
0.003365768
0.00356009
0.003769372
0.001906537
0.012078642
0.009782209
0.002010049
0.004108968
0.009169012
0.010901201
0.01198615
0.006201428
0.001867161
0.003965198
0.00019695
0.008643006
0.007018592
0.000522492
0.000614854
0.000172939
0.006310611
0.002064602
0.0075813
0.004678854
0.003357586
0.00326263
0.007225123
0.007371736
0.0005118
0.007168425
0.013060764
0.010873604
0.005867791
0.000640645
0.008352948
0.004366704
0.002881526
0.000433411
0.005072706
0.015041469
0.025763677
0.020594559
0.011778105
0.007962942
0.001051816
0.005971472
0.008324464
0.003682186
0.010777437
0.010223017
0.002487456
0.005282885
0.010062307
0.029467463
0.034252998
0.021407827
0.01548055
0.003192813
0.015081067
0.000649104
0.008195788
0.005300218
0.015372893
0.008180837
0.013522613
0.00947064
0.004688124
0.007101411
0.011728752
0.000188512
0.000967765
0.001201851
0.000392898
0.009674976
0.015591617
0.004472649
0.007767905
0.002611469
0.005162221
0.003671274
0.003025174
0.003933116
0.000592996
0.004715433
0.015743091
0.03430015
0.021639306
0.02286935
0.016071837
0.002915224
0.003985791
0.002946404
0.00603459
0.009228221
0.002603039
0.009732619
0.005421108
0.003216767
0.001060687
0.006384773
0.019229643
0.018397083
0.001685863
0.005787213
0.005255452
0.007377709
0.007738356
0.006667272
0.014807532
0.013495992
0.015654731
0.005420948
0.008270866
0.004656261
0.008975505
7.54388E-05
0.002892539
0.000692158
0.003336677
0.012445639
0.011423956
0.000321079
0.01207403
0.022524936
0.013933139
0.00576423
0.010404019
0.021466411
0.002710384
0.007362672
0.004159353
0.000823387
0.009734575
0.013771026
0.002055015
0.00392446
0.001609812
0.002582094
0.002786037
0.001687581
0.001081148
0.002545862
0.009609299
0.007080914
0.004691777
0.013558006
0.004074293
0.01380681
0.008868978
0.004752816
0.012450356
0.013067309
0.006623245
0.014235783
0.015606385
0.00484935
0.003840156
0.00831135
0.002354575
0.000760365
0.00156645
0.001478955
0.0016048
0.005352135
0.005897248
0.005687311
0.002184226
0.001160984
0.003774994
0.007010904
0.01003539
0.007608499
0.003939868
0.009072104
0.006971869
0.003505845
0.003118851
0.001377636
0.002140803
0.005843879
0.004496119
0.001665981
0.001137841
0.003472262
0.009271107
0.020198515
0.020122331
0.013473613
0.024253563
0.024384969
0.010222918
0.004313408
0.009526191
0.009946017
0.001597311
0.00394079
0.000871329
0.005837931
0.005122274
0.001344453
0.002724855
0.000143356
0.006624019
0.00696567
0.008625645
0.004439381
0.002494328
0.00360963
0.004036896
0.005411588
0.01509477
0.009376104
0.005021312
0.010625448
0.004565432
0.002551823
0.003095603
0.004282889
0.009298258
0.004608048
0.007621817
0.015561979
0.020206483
0.026363495
0.023512626
0.000610769
0.015586751
0.00565283
0.016516235
0.023499673
0.00889976
0.026008324
0.027252513
0.0196093
0.00254928
0.014692899
0.023052281
0.047510939
0.058890092
0.038204839
0.018239578
0.001427294
0.030451363
0.005846667
0.047303789
0.063814559
0.046338348
0.012993535
0.004955205
0.00978052
0.010508503
0.015214447
0.005799794
0.024812826
0.017958561
0.017465438
0.005796213
0.029159526
0.044330485
0.018245138
0.011377101
0.015311215
0.02141183
6.58742E-05
0.018020343
0.023358937
0.001148339
0.013931446
0.010681056
0.004864867
0.002359002
0.004958315
0.002653288
0.00429402
0.006527938
0.002635049
0.005157256
0.000265714
0.007185737
0.015711567
0.012609766
0.001956447
0.003194006
0.002856207
0.005849699
0.008590489
0.007235552
0.015625607
0.002028444
0.016949723
0.008287762
0.000629031
0.014626881
0.022751173
0.010068778
1.44321E-05
0.017158233
0.018275369
0.011615876
0.00109993
0.012546284
0.005010561
0.005890184
0.002235181
0.01058859
0.022389907
0.015494068
0.000141219
0.007628774
0.00476568
0.007640305
0.009608009
0.001010383
0.00381412
0.003135141
0.005838191
0.011258978
0.011743392
0.008564475
0.003303382
0.002720948
0.000393379
0.000618775
0.002685729
0.002585243
0.00855429
0.018676833
0.020925001
0.020851734
0.028300877
0.027129672
0.017924101
0.007447861
0.008353909
0.005121679
0.003031201
0.017654963
0.042897662
0.030865182
0.006420992
0.022583418
0.042116439
0.044129979
0.002619682
0.009760527
0.018972388
0.023599335
0.005789865
0.035954768
0.020400651
0.002937191
0.003776185
0.004855591
0.010130398
0.01427134
0.016809757
0.006458391
0.01552302
0.008947768
0.007543725
0.001561753
0.01280162
0.020896163
0.000851299
0.003942547
0.002239374
0.001975422
0.004431046
0.010005348
0.013693837
0.023757906
0.018576621
0.019732935
0.005244786
0.004565441
0.011946091
0.012236567
0.008623077
0.007909864
0.004142559
7.07499E-05
0.011562411
0.005000273
0.0186817
0.010773045
0.01216994
0.00834457
0.001375528
0.00132249
0.004662567
0.000937101
0.005498313
0.000282545
0.009261197
0.000179015
0.004280777
0.013808713
0.013177935
0.007015257
0.01177279
0.010875284
0.01006825
0.015060784
0.006079135
0.031474164
0.028395503
0.001431499
0.00172566
0.012804519
0.004831799
0.002643968
0.007626953
0.011568253
0.004808304
0.015407952
0.033430667
0.013100274
0.001266475
0.017919755
0.012764727
0.019040562
0.029083218
0.011819126
0.012338867
0.014280375
0.007065731
0.008809856
0.010524099
0.001768474
0.00312668
0.005051214
0.015601292
0.017589432
0.011310606
0.005012836
0.001616013
0.002353379
0.000913945
0.015401314
0.031700427
0.020480412
0.006875349
0.01742092
0.034032774
0.032742027
0.006806989
0.003208673
0.001141919
0.009702613
0.003838717
0.001853216
0.012376537
0.010623922
0.001514596
0.002078966
0.00051018
0.004975986
0.000987013
0.009397684
0.000781295
0.014420659
0.019557638
0.02057475
0.007925099
0.02448429
0.016814325
0.002969674
0.003717965
0.012573181
0.013660557
0.013181775
0.018241953
0.00768252
0.00688917
0.015252854
0.003628772
0.010651623
0.015340713
0.02376169
0.022964226
0.011457023
0.011141788
0.00817161
0.009589906
0.006986038
0.011410866
0.01505334
0.000525955
0.003137793
0.002857025
0.013781573
0.001818881
0.002804608
0.003275332
0.00307535
0.003981606
0.001175884
0.004572156
0.004083284
0.019632457
0.022402283
0.000234358
0.025432181
0.024907021
0.008191308
0.00352307
0.000782774
0.008256341
0.001838269
0.004294171
0.008554237
0.01876519
0.008399765
0.00522191
0.01003331
0.002855887
0.009056448
0.005115258
0.000345708
0.002771803
0.009384136
0.003461989
0.014929941
0.010947355
0.012692958
0.026034535
0.010297572
0.003598531
0.005614138
0.000990195
0.006757378
0.016951566
0.016713152
0.014431088
0.00399706
0.004785866
0.002118213
0.007154686
0.007666684
0.002790548
0.000438886
0.003839386
0.00422566
0.011943709
0.004230354
0.009931822
0.001562497
0.001757482
0.003407582
0.008547104
0.010693289
0.00754066
0.014674824
0.042423065
0.038797598
0.001534895
0.003712446
0.007239835
0.004316812
0.003176032
0.006471776
0.014128204
0.004165977
0.013678035
0.011511694
0.007871709
0.010741762
0.006121825
0.00106533
0.001730062
0.003947366
0.006283401
0.014243216
0.004472658
0.001023812
0.003057745
0.003511521
0.007189439
0.01056038
0.001024749
0.000391773
0.000281725
0.003756632
0.014088153
0.010296035
0.008407048
0.002956574
0.004045581
0.012708972
0.035167509
0.031792964
0.015529678
0.004044137
0.015980599
0.017571842
0.018888423
0.006166533
0.001866303
0.003896229
0.001775783
0.011360396
0.010185491
0.007328114
0.007855752
0.00785068
0.012982017
0.005838257
0.000886813
0.005516907
0.000703084
0.013121941
0.016279534
0.005012445