1324.6
1318.72
1312.318
1305.947
1299.607
1305.835609
1317.386087
1334.173799
1353.591762
1360.308946
1351.099105
1324.326365
1310.655973
1302.105087
1316.264703
1311.007949
1270.273865
1232.397728
1214.885083
1235.741478
1251.635755
1255.711623
1252.575421
1260.32711
1255.495391
1250.995139
1254.522411
1277.961346
1285.074394
1275.395422
1262.453809
1265.623464
1273.909175
1269.044007
1272.083875
1274.382418
1298.104004
1322.945192
1327.437783
1313.143358
1276.750747
1266.054399
1264.796001
1262.044728
1215.082456
1170.143085
1186.104264
1223.601071
1238.759173
1206.032799
1199.232945
1202.015361
1178.493949
1161.054183
1167.454946
1188.831398
1187.064941
1174.652333
1149.409035
1155.685445
1156.344468
1174.758134
1179.47148
1181.959371
1159.621035
1142.109047
1146.642547
1159.564037
1122.165914
1104.812844
1113.666816
1130.439193
1130.26003
1129.373738
1139.886419
1150.485346
1165.543425
1182.285905
1197.012829
1197.678152
1188.546532
1194.611706
1187.286304
1212.225057
1201.061952
1214.873462
1219.75868
1236.489637
1199.7724
1184.198545
1205.627899
1232.90312
1201.887197
1172.070949
1161.54715
1186.577052
1222.461486
1225.452358
1235.473493
1222.357597
1238.930239
1237.361012
1258.81249
1248.65231
1229.882689
1208.750619
1221.057428
1225.305507
1246.60556
1251.955988
1250.108088
1228.944388
1230.28336
1251.185309
1268.500179
1272.608291
1262.93474
1237.356692
1222.680107
1209.120943
1220.059747
1207.251762
1197.893203
1187.845238
1193.21501
1199.046441
1202.994757
1198.67035
1233.957178
1253.066717
1258.196499
1247.16915
1262.0234
1261.189367
1252.069571
1259.369884
1266.271263
1257.020263
1242.383871
1236.737607
1242.581345
1259.829844
1253.522019
1252.16485
1267.280436
1263.04128
1250.174333
1270.250932
1309.35353
1303.575381
1282.278637
1278.943821
1284.605618
1267.940667
1256.048814
1248.804451
1256.474732
1263.638764
1256.215633
1241.899434
1209.141289
1204.587867
1212.570609
1218.868561
1216.680817
1217.988857
1235.958016
1241.436934
1242.835137
1267.183271
1277.39935
1268.077669
1256.195218
1263.672631
1256.947966
1252.470414
1265.352164
1272.854474
1271.636209
1265.715521
1279.631695
1289.590792
1310.514832
1306.580464
1276.381562
1246.906601
1246.336066
1255.348796
1275.508597
1256.935863
1247.699479
1230.201564
1234.671526
1231.502628
1248.809588
1264.996383
1253.158672
1245.364208
1243.050959
1244.200361
1236.614817
1220.796048
1209.645239
1204.100227
1218.77753
1214.278709
1206.199065
1200.089474
1217.36902
1225.263482
1240.171418
1245.737832
1255.47847
1251.667387
1244.246417
1249.54692
1263.893901
1268.328578
1250.777126
1258.422829
1272.810805
1282.295418
1277.43872
1274.384215
1269.154923
1252.243024
1247.612931
1254.890219
1277.589719
1300.15316
1306.305913
1293.389834
1264.763779
1259.741906
1281.494912
1312.491401
1311.688635
1287.507409
1277.279359
1284.948046
1288.264453
1327.721523
1332.830324
1330.356529
1317.811517
1347.617631
1354.897336
1350.997247
1349.276182
1354.058575
1337.590269
1315.739479
1311.416424
1318.45982
1320.489968
1305.058876
1297.9441
1300.992298
1286.061916
1279.854419
1279.98097
1302.910838
1282.238426
1273.349089
1269.803567
1271.340171
1261.948775
1265.441018
1275.317043
1260.67273
1272.605764
1300.580492
1313.832752
1298.758509
1301.628551
1313.743775
1290.021053
1265.379757
1269.379317
1281.580993
1273.323143
1267.126955
1270.9278
1273.311772
1262.026461
1266.100225
1268.749599
1281.935525
1284.615869
1271.063845
1262.966806
1270.735623
1293.853834
1296.455789
1291.607483
1276.256914
1267.543356
1276.381581
1283.508881
1289.781174
1288.92492
1287.576176
1286.916493
1292.351462
1296.546544
1299.100515
1295.016777
1282.262558
1269.580548
1264.512537
1265.736387
1258.63702
1254.92334
1244.478272
1239.5732
1235.335062
1232.490604
1234.780866
1250.098663
1264.706667
1272.455599
1268.597712
1270.419752
1268.141284
1287.389154
1308.285196
1341.74689
1344.600996
1333.923397
1319.873996
1322.871088
1312.962179
1316.559691
1324.780193
1337.987183
1349.18914
1346.495281
1341.296329
1328.478202
1334.109993
1331.611294
1333.724935
1358.83063
1374.545945
1370.052391
1340.496332
1335.461576
1338.610336
1341.218992
1324.985487
1322.260974
1324.803984
1322.634602
1305.029786
1300.150284
1316.18014
1332.633006
1349.033352
1370.050757
1375.614747
1357.598206
1332.684443
1317.439968
1314.040752
1318.455469
1333.091507
1328.101076
1313.030782
1291.716317
1311.24784
1324.875009
1344.813176
1337.22251
1325.480206
1311.384465
1311.663279
1322.206399
1325.877845
1320.910184
1303.921127
1301.52202
1305.740015
1325.092212
1339.866337
1367.718354
1376.571363
1357.35513
1324.690371
1304.759575
1321.401432
1340.254647
1335.959088
1326.701162
1327.644584
1344.579869
1361.403551
1354.780285
1345.383561
1345.638688
1346.888563
1352.263396
1350.363651
1338.145107
1308.015962
1309.677026
1313.681386
1317.593459
1315.136932
1310.70423
1298.556838
1291.321984
1310.817696
1315.160425
1309.353969
1308.982284
1324.636746
1336.40454
1327.465943
1288.291957
1264.789645
1265.976844
1283.381999
1285.88815
1293.553247
1292.055428
1309.834432
1314.22014
1304.555388
1293.990215
1305.037154
1299.718485
1289.784644
1283.243171
1300.147295
1300.927963
1302.429362
1298.624897
1300.380701
1295.628695
1301.724848
1284.014091
1270.160896
1257.438123
1265.854132
1257.765196
1261.273031
1264.827124
1259.800135
1245.100814
1238.908295
1242.8525
1243.594509
1249.669602
1258.278759
1262.150349
1258.292489
1263.827956
1257.494241
1248.76233
1235.575108
1233.491598
1232.783895
1226.488505
1214.242617
1201.62252
1219.209882
1228.33924
1234.933419
1232.475618
1232.832559
1222.27388
1217.313278
1216.539664
1215.745692
1210.383399
1211.810801
1205.617751
1207.864652
1205.829861
1215.437088
1216.502165
1200.08373
1183.598296
1163.704622
1163.986404
1164.466559
1183.058434
1196.769154
1209.231373
1201.491049
1200.006221
1218.171328
1219.233937
1199.640347
1191.376492
1198.44549
1190.08949
1188.273914
1205.632203
1209.334947
1197.051036
1180.861164
1189.414727
1213.984463
1217.049993
1206.176329
1193.392136
1202.66068
1211.32658
1202.829606
1199.326403
1197.572715
1194.448751
1175.368397
1173.81716
1184.564246
1212.887549
1215.774678
1213.293266
1203.129908
1184.13774
1170.476889
1174.820664
1212.482418
1242.434596
1260.156169
1251.724704
1237.406826
1220.330968
1222.544002
1220.170033
1238.995902
1236.796047
1236.937442
1230.668706
1232.829922
1223.500506
1204.710586
1222.277305
1238.687162
1246.184782
1232.299963
1228.992942
1220.442183
1201.270788
1188.007259
1185.792811
1195.833641
1212.737192
1234.480541
1237.891563
1231.170183
1227.659722
1231.261251
1225.964295
1221.031631
1217.607791
1208.749046
1221.23554
1220.280098
1236.774495
1248.007595
1253.902626
1248.624737
1246.005268
1251.989411
1247.734157
1247.481662
1242.218567
1230.851378
1234.486622
1247.469119
1267.020395
1272.897847
1268.951931
1273.385943
1290.12904
1302.132496
1305.227033
1286.646351
1292.452193
1287.355082
1293.916182
1290.22568
1292.756908
1293.879048
1295.96318
1296.196996
1289.6543
1279.181074
1271.116456
1273.504109
1277.688427
1284.845108
1298.722275
1317.195174
1325.001116
1323.219316
1334.378864
1331.218326
1316.130204
1305.314882
1308.472439
1309.304763
1312.704849
1306.321373
1307.358515
1310.118736
1316.453571
1319.121087
1331.795852
1349.138968
1361.911454
1343.059408
1324.868422
1319.705353
1323.304529
1318.420093
1311.314049
1304.78701
1268.724187
1254.353776
1263.929375
1285.700229
1301.411577
1301.4524
1303.928821
1310.667294
1304.478456
1303.546797
1304.268467
1316.629701
1306.069419
1309.454286
1313.936672
1328.381733
1324.135655
1311.404017
1282.55446
1277.318925
1281.579571
1287.84438
1286.106645
1278.581871
1283.593352
1302.478498
1318.73847
1318.220184
1301.410651
1288.981762
1273.86186
1262.436252
1260.557471
1267.788839
1267.12964
1266.607656
1280.547747
1295.299348
1288.480288
1281.630008
1283.01065
1270.730203
1270.481569
1278.554832
1294.943487
1292.117474
1291.421549
1299.827064
1307.781099
1308.676622
1292.361092
1271.618682
1260.173364
1257.328018
1266.325608
1284.472364
1293.212656
1283.881958
1277.956893
1280.394823
1302.121944
1336.911119
1358.36755
1362.544766
1351.229659
1351.325518
1329.997443
1316.391979
1321.2589
1340.819033
1365.813012
1355.012132
1344.686548
1336.949538
1393.380952
1438.320466
1453.849439
1462.043163
1425.683919
1398.02208
1387.750777
1389.19768
1379.649249
1406.008142
1436.651107
1400.010319
1381.16699
1378.371131
1414.902285
1423.789619
1424.109392
1412.666254
1408.485596
1412.045031
1418.006914
1453.629063
1450.010932
1431.925985
1415.865588
1412.401899
1413.067581
1413.840279
1430.213595
1433.164719
1407.634226
1434.951525
1488.317564
1515.508295
1538.639877
1529.95683
1521.77079
1500.313463
1504.372309
1517.708646
1524.796327
1529.233063
1492.704291
1489.906788
1495.100719
1506.881745
1502.204939
1542.737537
1566.708845
1568.535187
1530.976674
1517.119002
1529.767903
1557.506676
1540.932719
1513.541078
1486.852473
1478.02963
1467.314275
1506.986179
1515.531938
1504.171354
1488.617894
1503.613422
1505.040834
1500.860449
1527.178756
1539.575461
1546.214372
1505.916327
1471.910903
1451.843712
1452.920217
1483.99631
1532.883937
1531.33137
1505.318963
1494.762921
1513.519185
1496.030798
1464.751103
1470.072909
1484.742549
1490.928216
1490.247114
1493.847321
1495.805792
1482.843351
1492.834279
1500.36001
1527.993194
1502.967555
1479.7745
1471.870099
1517.106052
1529.631715
1522.837279
1481.873294
1467.548149
1464.854846
1454.452576
1437.934263
1429.388748
1455.805886
1472.282164
1479.09192
1471.105692
1469.566558
1474.005344
1469.219701
1462.09985
1450.594446
1446.071568
1446.078659
1451.472716
1461.845211
1466.665832
1487.657208
1489.903204
1487.179764
1453.899172
1448.439306
1454.736561
1471.942373
1472.37785
1468.620441
1481.063893
1484.424397
1480.677504
1474.239846
1480.682867
1487.246239
1525.513278
1545.345701
1557.828812
1569.617258
1611.25328
1606.081974
1588.019916
1544.060983
1538.80011
1534.484669
1542.631994
1542.895716
1555.904525
1566.693161
1568.141516
1553.38565
1552.657673
1562.67595
1574.661953
1591.106454
1587.576766
1580.435144
1574.313326
1589.918376
1581.107101
1549.916853
1529.853294
1548.642337
1580.546767
1589.915954
1577.670011
1559.709714
1570.17427
1588.172961
1595.498686
1597.176106
1616.426919
1644.194844
1676.505313
1715.720536
1689.102887
1633.901454
1626.250688
1600.749792
1573.229805
1577.536278
1656.462071
1702.763415
1729.533694
1705.296554
1659.920844
1629.451618
1534.491783
1488.549904
1400.08921
1477.509726
1470.873464
1472.145812
1448.893483
1534.318505
1681.708059
1707.901084
1710.553932
1638.314445
1626.319008
1593.213632
1559.982819
1592.201282
1622.455647
1689.198982
1678.868157
1676.579549
1690.391406
1792.692978
1794.838589
1761.054966
1673.293688
1660.382229
1646.034232
1710.437319
1767.537821
1755.9816
1716.919345
1667.984262
1685.156424
1694.466347
1690.227867
1700.625743
1704.059395
1698.763335
1692.926068
1707.23683
1711.179712
1708.853946
1744.042822
1762.615067
1756.574162
1741.350207
1753.88408
1729.826671
1723.409254
1705.472211
1682.338634
1690.515364
1732.206572
1759.933191
1756.588524
1706.422719
1675.18357
1645.149538
1673.330241
1713.524729
1751.597334
1770.01716
1753.63612
1712.331375
1698.272274
1715.710039
1729.628171
1738.62748
1780.505507
1808.505506
1793.4133
1756.798059
1734.267954
1763.157121
1781.608823
1788.066265
1779.245905
1779.662054
1793.505319
1799.997735
1831.491135
1833.380201
1818.542605
1801.529137
1796.997123
1803.890109
1806.581441
1812.204052
1820.343896
1858.311706
1886.996965
1917.603429
1941.762083
1991.458893
1993.555981
1985.868129
1972.230305
1981.314596
1968.581065
1983.895413
2084.310013
2155.825902
2093.841815
2031.372281
1895.846073
1850.535252
1858.450288
1949.844627
1992.106056
2046.860785
2027.750283
1915.992062
1855.160442
1904.292155
1916.763413
1925.650822
1914.508572
1977.178734
2000.498078
1979.779438
1927.917815
1896.398006
1911.194677
1896.534318
1944.158955
1991.421185
1988.093187
1960.36744
1941.664597
1966.193204
1932.425088
1942.205694
1890.246289
1879.899548
1828.891938
1827.164976
1823.002661
1854.522146
1892.551062
1909.441079
1925.273951
1919.460147
1924.704677
1921.326373
1884.633328
1865.626528
1913.633225
1961.471614
1911.67506
1886.804806
1876.112908
1907.67045
1903.079863
1907.251416
1925.953123
1911.402017
1904.187866
1880.86808
1905.358851
1861.945161
1844.473564
1857.051102
1903.158133
1930.766015
1920.814672
1957.9668
1970.02997
1878.65157
1819.569488
1808.107388
1872.166154
1894.163051
1909.7442
1898.177509
1871.139651
1843.184078
1854.001428
1831.35176
1771.87185
1749.683806
1783.722564
1777.046561
1730.965536
1787.636271
1857.303328
1885.640634
1864.782649
1882.899675
1894.827882
1854.763311
1828.101542
1822.614609
1827.911659
1844.863609
1861.304596
1920.248144
1912.813735
1901.263939
1867.690405
1871.969977
1869.889061
1889.325162
1973.127833
2001.859924
1971.517132
1906.898643
1830.446569
1784.382958
1780.963743
1846.196828
1847.659573
1836.900011
1815.264626
1827.657107
1860.040681
1885.146349
1872.382941
1854.037622
1852.740192
1842.059738
1844.476015
1865.639595
1880.457416
1831.667808
1808.981601
1750.972014
1765.854754
1820.705462
1884.641299
1873.632916
1845.564496
1809.596874
1794.450759
1769.739546
1757.227213
1740.804281
1772.477483
1819.90183
1827.099799
1794.488244
1760.693839
1716.113438
1692.943665
1684.263119
1691.792451
1693.024144
1682.388906
1670.87135
1704.905672
1735.783328
1750.205722
1705.696648
1718.241543
1739.956939
1753.487298
1729.039206
1730.333443
1741.836468
1731.508669
1723.609831
1735.257136
1739.71806
1698.984122
1650.889925
1653.166619
1725.645486
1789.020255
1781.339647
1769.879841
1747.334369
1731.493569
1733.518328
1738.740408
1764.745717
1789.629065
1807.798829
1792.783522
1807.590038
1805.68705
1786.888619
1757.289748
1775.023613
1771.587336
1757.764281
1751.062131
1803.973791
1808.858887
1832.999196
1859.861253
1888.365259
1847.935289
1824.112169
1811.572163
1836.279922
1866.226152
1898.394337
1920.011952
1905.405913
1883.398084
1871.151854
1890.997068
1913.342114
1905.951149
1905.251902
1900.183598
1910.055392
1858.662595
1868.019224
1880.411399
1911.952429
1897.560306
1891.969268
1874.640169
1849.654523
1845.155947
1846.718717
1752.59789
1697.879663
1706.182323
1772.325485
1798.251218
1797.77202
1794.362632
1774.64571
1744.08912
1738.239858
1774.078312
1810.581023
1811.971473
1824.096612
1824.03512
1818.766422
1804.076014
1789.299037
1806.690071
1834.655898
1849.726066
1832.45947
1813.041884
1817.475577
1795.821713
1786.512964
1780.595539
1798.355246
1801.055328
1796.093852
1836.172007
1851.471445
1830.100752
1797.410964
1823.69213
1808.03508
1740.495353
1677.698977
1668.559595
1716.522454
1754.466725
1802.197185
1817.739461
1823.249889
1794.447703
1778.724155
1772.118414
1805.199961
1828.994709
1806.918788
1773.507592
1784.37143
1829.097806
1835.320818
1823.132133
1825.317281
1831.649597
1803.417062
1762.564213
1759.138122
1785.604666